1.000000e+00 2.065897e-04 -4.680157e-04 3.201442e-01 -2.065897e-04 1.000000e+00 4.732609e-05 -3.790914e-01 4.680157e-04 -4.720688e-05 1.000000e+00 -1.379326e+00
1.000000e+00 -2.864838e-03 1.213837e-02 3.222806e-01 2.878189e-03 1.000000e+00 -1.036644e-03 -3.789712e-01 -1.213837e-02 1.070976e-03 1.000000e+00 -1.379700e+00
9.995117e-01 -6.122589e-03 2.548218e-02 3.276742e-01 6.164551e-03 1.000000e+00 -1.481056e-03 -3.786976e-01 -2.548218e-02 1.637459e-03 9.995117e-01 -1.380687e+00
9.990234e-01 -9.407043e-03 3.909302e-02 3.348400e-01 9.513855e-03 1.000000e+00 -2.374649e-03 -3.783800e-01 -3.906250e-02 2.744675e-03 9.990234e-01 -1.382084e+00
9.985352e-01 -1.340485e-02 5.212402e-02 3.426817e-01 1.345825e-02 1.000000e+00 -6.346703e-04 -3.780773e-01 -5.209351e-02 1.335144e-03 9.985352e-01 -1.383737e+00
9.980469e-01 -1.692200e-02 6.262207e-02 3.505807e-01 1.698303e-02 1.000000e+00 -4.401207e-04 -3.777734e-01 -6.262207e-02 1.502991e-03 9.980469e-01 -1.385554e+00
9.970703e-01 -1.953125e-02 7.421875e-02 3.582895e-01 1.956177e-02 1.000000e+00 2.375841e-04 -3.774463e-01 -7.421875e-02 1.214981e-03 9.970703e-01 -1.387506e+00
9.960938e-01 -2.238464e-02 8.361816e-02 3.658186e-01 2.233887e-02 9.995117e-01 1.630783e-03 -3.770862e-01 -8.361816e-02 2.428293e-04 9.965820e-01 -1.389594e+00
9.951172e-01 -2.458191e-02 9.631348e-02 3.732936e-01 2.474976e-02 9.995117e-01 -4.959106e-04 -3.766999e-01 -9.625244e-02 2.876282e-03 9.951172e-01 -1.391828e+00
9.936523e-01 -2.745056e-02 1.079102e-01 3.808682e-01 2.735901e-02 9.995117e-01 2.296448e-03 -3.763120e-01 -1.079102e-01 6.690025e-04 9.941406e-01 -1.394214e+00
9.921875e-01 -3.085327e-02 1.203003e-01 3.886193e-01 3.063965e-02 9.995117e-01 3.650665e-03 -3.758654e-01 -1.203613e-01 6.258488e-05 9.926758e-01 -1.396767e+00
9.907227e-01 -3.430176e-02 1.331787e-01 3.965574e-01 3.421021e-02 9.995117e-01 3.053665e-03 -3.753057e-01 -1.331787e-01 1.531601e-03 9.912109e-01 -1.399494e+00
9.887695e-01 -3.805542e-02 1.455078e-01 4.046652e-01 3.802490e-02 9.995117e-01 2.908707e-03 -3.746374e-01 -1.455078e-01 2.656937e-03 9.892578e-01 -1.402385e+00
9.863281e-01 -4.156494e-02 1.583252e-01 4.129134e-01 4.153442e-02 9.990234e-01 3.517151e-03 -3.739027e-01 -1.584473e-01 3.105164e-03 9.873047e-01 -1.405416e+00
9.843750e-01 -4.434204e-02 1.699219e-01 4.212611e-01 4.455566e-02 9.990234e-01 2.580643e-03 -3.731669e-01 -1.697998e-01 5.031586e-03 9.853516e-01 -1.408582e+00
9.819336e-01 -4.779053e-02 1.821289e-01 4.296774e-01 4.751587e-02 9.990234e-01 5.813599e-03 -3.724761e-01 -1.821289e-01 2.943039e-03 9.833984e-01 -1.411883e+00
9.794922e-01 -5.175781e-02 1.944580e-01 4.381925e-01 5.072021e-02 9.985352e-01 1.021576e-02 -3.717659e-01 -1.947021e-01 -1.381636e-04 9.809570e-01 -1.415340e+00
9.770508e-01 -5.453491e-02 2.067871e-01 4.468320e-01 5.368042e-02 9.985352e-01 9.658813e-03 -3.709583e-01 -2.069092e-01 1.666069e-03 9.785156e-01 -1.418977e+00
9.741211e-01 -5.822754e-02 2.194824e-01 4.555781e-01 5.755615e-02 9.985352e-01 9.552002e-03 -3.700933e-01 -2.196045e-01 3.330231e-03 9.755859e-01 -1.422819e+00
9.707031e-01 -6.192017e-02 2.324219e-01 4.644125e-01 6.127930e-02 9.980469e-01 1.000214e-02 -3.692466e-01 -2.325439e-01 4.535675e-03 9.726562e-01 -1.426890e+00
9.667969e-01 -6.536865e-02 2.479248e-01 4.733362e-01 6.494141e-02 9.980469e-01 9.773254e-03 -3.684760e-01 -2.480469e-01 6.656647e-03 9.687500e-01 -1.431191e+00
9.638672e-01 -6.762695e-02 2.585449e-01 4.823274e-01 6.683350e-02 9.975586e-01 1.190186e-02 -3.677868e-01 -2.587891e-01 5.817413e-03 9.658203e-01 -1.435699e+00
9.614258e-01 -6.866455e-02 2.661133e-01 4.912350e-01 6.829834e-02 9.975586e-01 1.059723e-02 -3.670994e-01 -2.663574e-01 7.987976e-03 9.638672e-01 -1.440331e+00
9.565430e-01 -7.250977e-02 2.817383e-01 4.998991e-01 7.159424e-02 9.975586e-01 1.361847e-02 -3.663322e-01 -2.819824e-01 7.137299e-03 9.594727e-01 -1.444981e+00
9.521484e-01 -7.623291e-02 2.956543e-01 5.083853e-01 7.580566e-02 9.970703e-01 1.282501e-02 -3.654099e-01 -2.956543e-01 1.020813e-02 9.550781e-01 -1.449645e+00
9.487305e-01 -7.904053e-02 3.054199e-01 5.168542e-01 7.934570e-02 9.965820e-01 1.139069e-02 -3.643804e-01 -3.051758e-01 1.342773e-02 9.521484e-01 -1.454380e+00
9.448242e-01 -8.325195e-02 3.173828e-01 5.254235e-01 8.276367e-02 9.965820e-01 1.506042e-02 -3.633362e-01 -3.173828e-01 1.203156e-02 9.482422e-01 -1.459235e+00
9.399414e-01 -8.770752e-02 3.293457e-01 5.341560e-01 8.642578e-02 9.960938e-01 1.847839e-02 -3.622877e-01 -3.298340e-01 1.110077e-02 9.438477e-01 -1.464262e+00
9.375000e-01 -8.941650e-02 3.356934e-01 5.429996e-01 8.874512e-02 9.960938e-01 1.739502e-02 -3.612690e-01 -3.359375e-01 1.348114e-02 9.418945e-01 -1.469457e+00
9.340820e-01 -9.375000e-02 3.444824e-01 5.517401e-01 9.210205e-02 9.956055e-01 2.128601e-02 -3.604049e-01 -3.449707e-01 1.184845e-02 9.384766e-01 -1.474737e+00
9.277344e-01 -9.625244e-02 3.608398e-01 5.602215e-01 9.619141e-02 9.951172e-01 1.832581e-02 -3.597833e-01 -3.608398e-01 1.768494e-02 9.326172e-01 -1.480072e+00
9.238281e-01 -1.035156e-01 3.681641e-01 5.684847e-01 9.997559e-02 9.946289e-01 2.873230e-02 -3.594569e-01 -3.691406e-01 1.026154e-02 9.291992e-01 -1.485506e+00
9.179688e-01 -1.033325e-01 3.833008e-01 5.765801e-01 1.007080e-01 9.946289e-01 2.694702e-02 -3.593383e-01 -3.840332e-01 1.385498e-02 9.233398e-01 -1.491069e+00
9.130859e-01 -1.052246e-01 3.935547e-01 5.846207e-01 1.023560e-01 9.941406e-01 2.822876e-02 -3.595274e-01 -3.942871e-01 1.450348e-02 9.189453e-01 -1.496788e+00
9.077148e-01 -1.082764e-01 4.057617e-01 5.925629e-01 1.040649e-01 9.941406e-01 3.244019e-02 -3.601327e-01 -4.069824e-01 1.278687e-02 9.135742e-01 -1.502622e+00
8.999023e-01 -1.160278e-01 4.199219e-01 6.002438e-01 1.074829e-01 9.931641e-01 4.403687e-02 -3.610504e-01 -4.221191e-01 5.496979e-03 9.067383e-01 -1.508449e+00
8.930664e-01 -1.218872e-01 4.328613e-01 6.075313e-01 1.104736e-01 9.926758e-01 5.151367e-02 -3.619239e-01 -4.360352e-01 1.817703e-03 8.999023e-01 -1.514149e+00
8.842773e-01 -1.295166e-01 4.487305e-01 6.143624e-01 1.139526e-01 9.916992e-01 6.170654e-02 -3.624120e-01 -4.528809e-01 -3.414154e-03 8.916016e-01 -1.519632e+00
8.750000e-01 -1.341553e-01 4.648438e-01 6.207978e-01 1.176758e-01 9.907227e-01 6.457520e-02 -3.623137e-01 -4.692383e-01 -1.815796e-03 8.833008e-01 -1.524892e+00
8.666992e-01 -1.376953e-01 4.797363e-01 6.269678e-01 1.201172e-01 9.907227e-01 6.726074e-02 -3.616886e-01 -4.843750e-01 -6.842613e-04 8.750000e-01 -1.530004e+00
8.598633e-01 -1.403809e-01 4.912109e-01 6.329594e-01 1.211548e-01 9.902344e-01 7.098389e-02 -3.607145e-01 -4.963379e-01 -1.530647e-03 8.681641e-01 -1.535085e+00
8.540039e-01 -1.440430e-01 5.000000e-01 6.387826e-01 1.242676e-01 9.897461e-01 7.293701e-02 -3.595413e-01 -5.053711e-01 -1.158714e-04 8.627930e-01 -1.540226e+00
8.471680e-01 -1.472168e-01 5.102539e-01 6.444105e-01 1.260986e-01 9.892578e-01 7.586670e-02 -3.582601e-01 -5.156250e-01 6.514788e-05 8.564453e-01 -1.545464e+00
8.398438e-01 -1.502686e-01 5.214844e-01 6.498799e-01 1.293945e-01 9.887695e-01 7.653809e-02 -3.569227e-01 -5.268555e-01 3.175735e-03 8.496094e-01 -1.550805e+00
8.334961e-01 -1.529541e-01 5.307617e-01 6.552650e-01 1.315918e-01 9.882812e-01 7.824707e-02 -3.555878e-01 -5.366211e-01 4.646301e-03 8.437500e-01 -1.556254e+00
8.276367e-01 -1.562500e-01 5.390625e-01 6.605953e-01 1.335449e-01 9.877930e-01 8.123779e-02 -3.542733e-01 -5.454102e-01 4.795074e-03 8.383789e-01 -1.561781e+00
8.212891e-01 -1.584473e-01 5.483398e-01 6.658787e-01 1.353760e-01 9.873047e-01 8.251953e-02 -3.529787e-01 -5.546875e-01 6.462097e-03 8.320312e-01 -1.567338e+00
8.144531e-01 -1.617432e-01 5.571289e-01 6.711596e-01 1.374512e-01 9.868164e-01 8.544922e-02 -3.517327e-01 -5.634766e-01 6.958008e-03 8.261719e-01 -1.572906e+00
8.085938e-01 -1.654053e-01 5.649414e-01 6.764931e-01 1.392822e-01 9.863281e-01 8.935547e-02 -3.505690e-01 -5.717773e-01 6.500244e-03 8.203125e-01 -1.578499e+00
8.032227e-01 -1.707764e-01 5.703125e-01 6.818772e-01 1.428223e-01 9.853516e-01 9.387207e-02 -3.494990e-01 -5.781250e-01 6.000519e-03 8.159180e-01 -1.584106e+00
7.978516e-01 -1.757812e-01 5.766602e-01 6.872497e-01 1.451416e-01 9.843750e-01 9.930420e-02 -3.485228e-01 -5.849609e-01 4.440308e-03 8.110352e-01 -1.589667e+00
7.924805e-01 -1.796875e-01 5.830078e-01 6.925216e-01 1.467285e-01 9.838867e-01 1.037598e-01 -3.476026e-01 -5.922852e-01 3.345490e-03 8.056641e-01 -1.595131e+00
7.871094e-01 -1.842041e-01 5.883789e-01 6.975990e-01 1.489258e-01 9.829102e-01 1.085205e-01 -3.466908e-01 -5.986328e-01 2.246857e-03 8.012695e-01 -1.600435e+00
7.822266e-01 -1.881104e-01 5.942383e-01 7.024170e-01 1.496582e-01 9.819336e-01 1.140137e-01 -3.457284e-01 -6.049805e-01 -2.851486e-04 7.963867e-01 -1.605544e+00
7.773438e-01 -1.911621e-01 5.996094e-01 7.069600e-01 1.506348e-01 9.814453e-01 1.177368e-01 -3.446680e-01 -6.108398e-01 -1.223564e-03 7.915039e-01 -1.610479e+00
7.719727e-01 -1.932373e-01 6.054688e-01 7.112765e-01 1.517334e-01 9.809570e-01 1.196899e-01 -3.435266e-01 -6.171875e-01 -5.583763e-04 7.866211e-01 -1.615313e+00
7.690430e-01 -1.961670e-01 6.083984e-01 7.154447e-01 1.529541e-01 9.804688e-01 1.229858e-01 -3.423614e-01 -6.210938e-01 -1.505852e-03 7.836914e-01 -1.620147e+00
7.666016e-01 -1.990967e-01 6.108398e-01 7.194941e-01 1.541748e-01 9.799805e-01 1.260986e-01 -3.412003e-01 -6.235352e-01 -2.477646e-03 7.817383e-01 -1.625017e+00
7.636719e-01 -2.008057e-01 6.137695e-01 7.234516e-01 1.546631e-01 9.794922e-01 1.280518e-01 -3.400360e-01 -6.269531e-01 -2.948761e-03 7.792969e-01 -1.629934e+00
7.612305e-01 -2.012939e-01 6.166992e-01 7.273728e-01 1.544189e-01 9.794922e-01 1.291504e-01 -3.388563e-01 -6.298828e-01 -3.141403e-03 7.768555e-01 -1.634909e+00
7.583008e-01 -2.031250e-01 6.196289e-01 7.313158e-01 1.558838e-01 9.790039e-01 1.301270e-01 -3.376582e-01 -6.333008e-01 -2.099991e-03 7.739258e-01 -1.639952e+00
7.548828e-01 -2.060547e-01 6.225586e-01 7.353035e-01 1.578369e-01 9.785156e-01 1.325684e-01 -3.364420e-01 -6.367188e-01 -1.753807e-03 7.714844e-01 -1.645043e+00
7.519531e-01 -2.082520e-01 6.254883e-01 7.392854e-01 1.600342e-01 9.780273e-01 1.334229e-01 -3.351918e-01 -6.391602e-01 -2.582073e-04 7.690430e-01 -1.650123e+00
7.480469e-01 -2.097168e-01 6.298828e-01 7.431977e-01 1.612549e-01 9.775391e-01 1.340332e-01 -3.339198e-01 -6.440430e-01 1.359940e-03 7.651367e-01 -1.655137e+00
7.441406e-01 -2.113037e-01 6.333008e-01 7.470453e-01 1.618652e-01 9.775391e-01 1.358643e-01 -3.326300e-01 -6.479492e-01 1.398087e-03 7.617188e-01 -1.660061e+00
7.402344e-01 -2.136230e-01 6.372070e-01 7.508677e-01 1.621094e-01 9.770508e-01 1.391602e-01 -3.313049e-01 -6.523438e-01 2.944469e-04 7.578125e-01 -1.664911e+00
7.373047e-01 -2.171631e-01 6.396484e-01 7.546704e-01 1.639404e-01 9.760742e-01 1.424561e-01 -3.299389e-01 -6.552734e-01 -1.850128e-04 7.553711e-01 -1.669737e+00
7.329102e-01 -2.204590e-01 6.440430e-01 7.583559e-01 1.661377e-01 9.755859e-01 1.448975e-01 -3.285813e-01 -6.601562e-01 7.715225e-04 7.514648e-01 -1.674542e+00
7.290039e-01 -2.247314e-01 6.469727e-01 7.618434e-01 1.679688e-01 9.746094e-01 1.492920e-01 -3.272973e-01 -6.635742e-01 -1.434088e-04 7.480469e-01 -1.679298e+00
7.246094e-01 -2.258301e-01 6.513672e-01 7.651630e-01 1.690674e-01 9.741211e-01 1.497803e-01 -3.260942e-01 -6.684570e-01 1.615524e-03 7.436523e-01 -1.684001e+00
7.207031e-01 -2.274170e-01 6.552734e-01 7.684235e-01 1.697998e-01 9.736328e-01 1.513672e-01 -3.249877e-01 -6.723633e-01 2.126694e-03 7.402344e-01 -1.688616e+00
7.187500e-01 -2.293701e-01 6.562500e-01 7.717330e-01 1.718750e-01 9.731445e-01 1.518555e-01 -3.239618e-01 -6.738281e-01 3.681183e-03 7.387695e-01 -1.693088e+00
7.158203e-01 -2.307129e-01 6.591797e-01 7.751407e-01 1.738281e-01 9.731445e-01 1.519775e-01 -3.230377e-01 -6.762695e-01 5.825043e-03 7.363281e-01 -1.697363e+00
7.124023e-01 -2.333984e-01 6.616211e-01 7.786044e-01 1.759033e-01 9.721680e-01 1.536865e-01 -3.222967e-01 -6.791992e-01 6.900787e-03 7.338867e-01 -1.701380e+00
7.280273e-01 -2.298584e-01 6.459961e-01 7.817589e-01 1.745605e-01 9.731445e-01 1.496582e-01 -3.218182e-01 -6.630859e-01 3.870010e-03 7.485352e-01 -1.704946e+00
7.114258e-01 -2.365723e-01 6.621094e-01 7.840236e-01 1.723633e-01 9.716797e-01 1.621094e-01 -3.215613e-01 -6.816406e-01 -1.184464e-03 7.319336e-01 -1.707810e+00
7.207031e-01 -2.338867e-01 6.523438e-01 7.856557e-01 1.730957e-01 9.721680e-01 1.574707e-01 -3.211871e-01 -6.713867e-01 -5.326271e-04 7.412109e-01 -1.710250e+00
7.226562e-01 -2.318115e-01 6.513672e-01 7.867243e-01 1.729736e-01 9.726562e-01 1.542969e-01 -3.207552e-01 -6.689453e-01 1.133919e-03 7.431641e-01 -1.712394e+00
7.255859e-01 -2.336426e-01 6.469727e-01 7.873752e-01 1.732178e-01 9.721680e-01 1.568604e-01 -3.204110e-01 -6.660156e-01 -1.768112e-03 7.460938e-01 -1.714350e+00
7.260742e-01 -2.362061e-01 6.459961e-01 7.878724e-01 1.729736e-01 9.716797e-01 1.610107e-01 -3.200325e-01 -6.655273e-01 -5.180359e-03 7.465820e-01 -1.716228e+00
7.304688e-01 -2.312012e-01 6.425781e-01 7.885405e-01 1.729736e-01 9.731445e-01 1.534424e-01 -3.194433e-01 -6.606445e-01 -9.088516e-04 7.504883e-01 -1.718194e+00
7.333984e-01 -2.307129e-01 6.396484e-01 7.896112e-01 1.728516e-01 9.731445e-01 1.528320e-01 -3.187189e-01 -6.577148e-01 -1.466751e-03 7.534180e-01 -1.720372e+00
7.358398e-01 -2.286377e-01 6.372070e-01 7.912471e-01 1.723633e-01 9.736328e-01 1.502686e-01 -3.178989e-01 -6.547852e-01 -7.486343e-04 7.558594e-01 -1.722843e+00
7.387695e-01 -2.274170e-01 6.342773e-01 7.934423e-01 1.726074e-01 9.736328e-01 1.481934e-01 -3.170165e-01 -6.513672e-01 4.881620e-05 7.587891e-01 -1.725590e+00
7.534180e-01 -2.220459e-01 6.186523e-01 7.957770e-01 1.715088e-01 9.750977e-01 1.409912e-01 -3.161899e-01 -6.347656e-01 -1.256466e-04 7.729492e-01 -1.728295e+00
7.543945e-01 -2.221680e-01 6.176758e-01 7.974742e-01 1.722412e-01 9.750977e-01 1.403809e-01 -3.156310e-01 -6.333008e-01 5.607605e-04 7.739258e-01 -1.730322e+00
7.553711e-01 -2.213135e-01 6.166992e-01 7.982354e-01 1.721191e-01 9.750977e-01 1.390381e-01 -3.154043e-01 -6.323242e-01 1.159668e-03 7.749023e-01 -1.731449e+00
7.553711e-01 -2.214355e-01 6.166992e-01 7.981557e-01 1.721191e-01 9.750977e-01 1.394043e-01 -3.154725e-01 -6.323242e-01 7.581711e-04 7.749023e-01 -1.731816e+00
7.534180e-01 -2.232666e-01 6.181641e-01 7.975280e-01 1.726074e-01 9.746094e-01 1.416016e-01 -3.157209e-01 -6.342773e-01 4.100800e-05 7.729492e-01 -1.731619e+00
7.539062e-01 -2.227783e-01 6.181641e-01 7.966896e-01 1.716309e-01 9.750977e-01 1.420898e-01 -3.160023e-01 -6.342773e-01 -1.063347e-03 7.729492e-01 -1.731032e+00
7.529297e-01 -2.225342e-01 6.196289e-01 7.958863e-01 1.711426e-01 9.750977e-01 1.423340e-01 -3.162095e-01 -6.357422e-01 -1.109123e-03 7.719727e-01 -1.730282e+00
7.524414e-01 -2.222900e-01 6.196289e-01 7.952886e-01 1.708984e-01 9.750977e-01 1.422119e-01 -3.162981e-01 -6.357422e-01 -1.128197e-03 7.719727e-01 -1.729600e+00
7.534180e-01 -2.220459e-01 6.186523e-01 7.949371e-01 1.706543e-01 9.750977e-01 1.419678e-01 -3.162796e-01 -6.347656e-01 -1.372337e-03 7.724609e-01 -1.729116e+00
7.524414e-01 -2.214355e-01 6.206055e-01 7.947638e-01 1.705322e-01 9.750977e-01 1.412354e-01 -3.161990e-01 -6.362305e-01 -5.078316e-04 7.714844e-01 -1.728850e+00
7.524414e-01 -2.204590e-01 6.206055e-01 7.946802e-01 1.700439e-01 9.755859e-01 1.402588e-01 -3.161284e-01 -6.362305e-01 7.432699e-05 7.714844e-01 -1.728760e+00
7.529297e-01 -2.203369e-01 6.201172e-01 7.945591e-01 1.699219e-01 9.755859e-01 1.402588e-01 -3.161298e-01 -6.357422e-01 -2.399683e-04 7.714844e-01 -1.728784e+00
7.529297e-01 -2.203369e-01 6.201172e-01 7.942251e-01 1.697998e-01 9.755859e-01 1.403809e-01 -3.162418e-01 -6.357422e-01 -3.745556e-04 7.719727e-01 -1.728854e+00
7.534180e-01 -2.204590e-01 6.196289e-01 7.935090e-01 1.696777e-01 9.755859e-01 1.407471e-01 -3.164930e-01 -6.352539e-01 -9.050369e-04 7.724609e-01 -1.728901e+00
7.548828e-01 -2.194824e-01 6.181641e-01 7.923944e-01 1.694336e-01 9.755859e-01 1.395264e-01 -3.168765e-01 -6.337891e-01 -5.130768e-04 7.734375e-01 -1.728888e+00
7.387695e-01 -2.264404e-01 6.342773e-01 7.912226e-01 1.663818e-01 9.741211e-01 1.539307e-01 -3.172577e-01 -6.528320e-01 -8.186340e-03 7.573242e-01 -1.728816e+00
7.509766e-01 -2.213135e-01 6.220703e-01 7.906259e-01 1.695557e-01 9.750977e-01 1.423340e-01 -3.173633e-01 -6.376953e-01 -1.484871e-03 7.700195e-01 -1.728741e+00
7.431641e-01 -2.246094e-01 6.298828e-01 7.905312e-01 1.683350e-01 9.746094e-01 1.488037e-01 -3.172982e-01 -6.474609e-01 -4.554749e-03 7.622070e-01 -1.728743e+00
7.446289e-01 -2.236328e-01 6.289062e-01 7.909347e-01 1.690674e-01 9.746094e-01 1.463623e-01 -3.171132e-01 -6.455078e-01 -2.653122e-03 7.636719e-01 -1.728828e+00
7.529297e-01 -2.203369e-01 6.201172e-01 7.915440e-01 1.690674e-01 9.755859e-01 1.412354e-01 -3.169365e-01 -6.362305e-01 -1.447678e-03 7.714844e-01 -1.728969e+00
7.519531e-01 -2.198486e-01 6.210938e-01 7.918491e-01 1.685791e-01 9.755859e-01 1.411133e-01 -3.169017e-01 -6.372070e-01 -1.368523e-03 7.709961e-01 -1.729156e+00
7.441406e-01 -2.214355e-01 6.303711e-01 7.918609e-01 1.672363e-01 9.750977e-01 1.452637e-01 -3.169642e-01 -6.464844e-01 -2.738953e-03 7.626953e-01 -1.729348e+00
7.412109e-01 -2.227783e-01 6.328125e-01 7.919849e-01 1.666260e-01 9.750977e-01 1.478271e-01 -3.169525e-01 -6.499023e-01 -4.131317e-03 7.597656e-01 -1.729498e+00
7.529297e-01 -2.196045e-01 6.206055e-01 7.921751e-01 1.688232e-01 9.755859e-01 1.403809e-01 -3.168614e-01 -6.362305e-01 -8.525848e-04 7.714844e-01 -1.729612e+00
7.495117e-01 -2.197266e-01 6.240234e-01 7.917793e-01 1.688232e-01 9.755859e-01 1.407471e-01 -3.169756e-01 -6.401367e-01 -1.939535e-04 7.685547e-01 -1.729755e+00
7.490234e-01 -2.202148e-01 6.250000e-01 7.904776e-01 1.687012e-01 9.755859e-01 1.414795e-01 -3.175207e-01 -6.406250e-01 -5.693436e-04 7.675781e-01 -1.729921e+00
7.416992e-01 -2.227783e-01 6.323242e-01 7.883248e-01 1.672363e-01 9.750977e-01 1.472168e-01 -3.185338e-01 -6.494141e-01 -3.438950e-03 7.602539e-01 -1.730034e+00
7.348633e-01 -2.259521e-01 6.391602e-01 7.858085e-01 1.660156e-01 9.741211e-01 1.534424e-01 -3.198221e-01 -6.572266e-01 -6.626129e-03 7.534180e-01 -1.729976e+00
7.304688e-01 -2.286377e-01 6.435547e-01 7.835127e-01 1.666260e-01 9.736328e-01 1.567383e-01 -3.210999e-01 -6.625977e-01 -7.202148e-03 7.490234e-01 -1.729694e+00
7.260742e-01 -2.336426e-01 6.469727e-01 7.818568e-01 1.658936e-01 9.721680e-01 1.649170e-01 -3.220970e-01 -6.674805e-01 -1.245117e-02 7.446289e-01 -1.729242e+00
7.255859e-01 -2.309570e-01 6.479492e-01 7.810658e-01 1.658936e-01 9.731445e-01 1.610107e-01 -3.225746e-01 -6.679688e-01 -9.307861e-03 7.441406e-01 -1.728794e+00
7.231445e-01 -2.344971e-01 6.494141e-01 7.812048e-01 1.691895e-01 9.721680e-01 1.625977e-01 -3.225199e-01 -6.694336e-01 -7.778168e-03 7.426758e-01 -1.728477e+00
7.304688e-01 -2.314453e-01 6.425781e-01 7.821190e-01 1.682129e-01 9.726562e-01 1.590576e-01 -3.220138e-01 -6.621094e-01 -8.079529e-03 7.495117e-01 -1.728368e+00
7.363281e-01 -2.220459e-01 6.391602e-01 7.833011e-01 1.658936e-01 9.750977e-01 1.477051e-01 -3.212577e-01 -6.562500e-01 -2.683640e-03 7.548828e-01 -1.728418e+00
7.377930e-01 -2.205811e-01 6.381836e-01 7.843334e-01 1.661377e-01 9.755859e-01 1.450195e-01 -3.205658e-01 -6.542969e-01 -9.298325e-04 7.563477e-01 -1.728499e+00
7.397461e-01 -2.203369e-01 6.357422e-01 7.850994e-01 1.658936e-01 9.755859e-01 1.450195e-01 -3.200827e-01 -6.518555e-01 -1.802444e-03 7.583008e-01 -1.728490e+00
7.343750e-01 -2.207031e-01 6.416016e-01 7.856901e-01 1.656494e-01 9.755859e-01 1.457520e-01 -3.198026e-01 -6.582031e-01 -7.762909e-04 7.529297e-01 -1.728312e+00
7.475586e-01 -2.148438e-01 6.284180e-01 7.861883e-01 1.673584e-01 9.765625e-01 1.347656e-01 -3.197635e-01 -6.425781e-01 4.402161e-03 7.661133e-01 -1.727976e+00
7.465820e-01 -2.150879e-01 6.298828e-01 7.863009e-01 1.658936e-01 9.765625e-01 1.368408e-01 -3.201078e-01 -6.445312e-01 2.368927e-03 7.646484e-01 -1.727485e+00
7.431641e-01 -2.163086e-01 6.328125e-01 7.860423e-01 1.657715e-01 9.765625e-01 1.389160e-01 -3.207236e-01 -6.479492e-01 1.678467e-03 7.617188e-01 -1.726874e+00
7.441406e-01 -2.135010e-01 6.328125e-01 7.856698e-01 1.650391e-01 9.770508e-01 1.353760e-01 -3.214004e-01 -6.474609e-01 3.768921e-03 7.622070e-01 -1.726232e+00
7.485352e-01 -2.106934e-01 6.289062e-01 7.852785e-01 1.651611e-01 9.775391e-01 1.308594e-01 -3.220334e-01 -6.425781e-01 5.920410e-03 7.666016e-01 -1.725603e+00
7.480469e-01 -2.103271e-01 6.293945e-01 7.848600e-01 1.641846e-01 9.775391e-01 1.314697e-01 -3.225707e-01 -6.430664e-01 5.035400e-03 7.656250e-01 -1.724956e+00
7.490234e-01 -2.059326e-01 6.298828e-01 7.845169e-01 1.635742e-01 9.785156e-01 1.253662e-01 -3.229301e-01 -6.420898e-01 9.078979e-03 7.666016e-01 -1.724288e+00
7.504883e-01 -2.047119e-01 6.279297e-01 7.843597e-01 1.646729e-01 9.785156e-01 1.221313e-01 -3.231337e-01 -6.396484e-01 1.177979e-02 7.685547e-01 -1.723644e+00
7.534180e-01 -2.021484e-01 6.254883e-01 7.844458e-01 1.651611e-01 9.790039e-01 1.175537e-01 -3.232828e-01 -6.362305e-01 1.473999e-02 7.709961e-01 -1.723027e+00
7.563477e-01 -1.986084e-01 6.230469e-01 7.847680e-01 1.630859e-01 9.799805e-01 1.142578e-01 -3.234717e-01 -6.333008e-01 1.523590e-02 7.739258e-01 -1.722378e+00
7.602539e-01 -1.951904e-01 6.196289e-01 7.853347e-01 1.619873e-01 9.804688e-01 1.101074e-01 -3.237103e-01 -6.293945e-01 1.667786e-02 7.768555e-01 -1.721626e+00
7.631836e-01 -1.910400e-01 6.171875e-01 7.861386e-01 1.590576e-01 9.814453e-01 1.071777e-01 -3.239537e-01 -6.264648e-01 1.638794e-02 7.792969e-01 -1.720737e+00
7.675781e-01 -1.884766e-01 6.127930e-01 7.871651e-01 1.585693e-01 9.819336e-01 1.034546e-01 -3.241251e-01 -6.210938e-01 1.776123e-02 7.836914e-01 -1.719683e+00
7.709961e-01 -1.862793e-01 6.088867e-01 7.883578e-01 1.572266e-01 9.824219e-01 1.015625e-01 -3.241925e-01 -6.171875e-01 1.744080e-02 7.866211e-01 -1.718508e+00
7.763672e-01 -1.835938e-01 6.030273e-01 7.896336e-01 1.569824e-01 9.829102e-01 9.710693e-02 -3.241632e-01 -6.103516e-01 1.927185e-02 7.919922e-01 -1.717278e+00
7.792969e-01 -1.839600e-01 5.986328e-01 7.908343e-01 1.584473e-01 9.829102e-01 9.576416e-02 -3.241166e-01 -6.059570e-01 2.018738e-02 7.954102e-01 -1.716084e+00
7.827148e-01 -1.822510e-01 5.952148e-01 7.918941e-01 1.572266e-01 9.829102e-01 9.436035e-02 -3.241216e-01 -6.020508e-01 1.963806e-02 7.983398e-01 -1.714974e+00
7.856445e-01 -1.817627e-01 5.913086e-01 7.928006e-01 1.577148e-01 9.829102e-01 9.265137e-02 -3.241866e-01 -5.981445e-01 2.041626e-02 8.012695e-01 -1.713954e+00
7.885742e-01 -1.804199e-01 5.878906e-01 7.935689e-01 1.571045e-01 9.833984e-01 9.094238e-02 -3.243036e-01 -5.947266e-01 2.067566e-02 8.037109e-01 -1.713030e+00
7.915039e-01 -1.791992e-01 5.839844e-01 7.942175e-01 1.566162e-01 9.833984e-01 8.947754e-02 -3.244482e-01 -5.908203e-01 2.064514e-02 8.066406e-01 -1.712193e+00
7.939453e-01 -1.779785e-01 5.815430e-01 7.947373e-01 1.560059e-01 9.838867e-01 8.813477e-02 -3.245997e-01 -5.878906e-01 2.078247e-02 8.085938e-01 -1.711439e+00
7.958984e-01 -1.765137e-01 5.791016e-01 7.951356e-01 1.551514e-01 9.838867e-01 8.673096e-02 -3.247413e-01 -5.849609e-01 2.085876e-02 8.105469e-01 -1.710778e+00
7.978516e-01 -1.759033e-01 5.766602e-01 7.954573e-01 1.552734e-01 9.843750e-01 8.538818e-02 -3.248688e-01 -5.825195e-01 2.143860e-02 8.125000e-01 -1.710201e+00
7.993164e-01 -1.751709e-01 5.747070e-01 7.957524e-01 1.545410e-01 9.843750e-01 8.502197e-02 -3.249899e-01 -5.805664e-01 2.082825e-02 8.139648e-01 -1.709671e+00
8.012695e-01 -1.749268e-01 5.722656e-01 7.960588e-01 1.545410e-01 9.843750e-01 8.459473e-02 -3.251071e-01 -5.781250e-01 2.064514e-02 8.159180e-01 -1.709153e+00
8.027344e-01 -1.743164e-01 5.703125e-01 7.963829e-01 1.542969e-01 9.843750e-01 8.374023e-02 -3.252319e-01 -5.756836e-01 2.072144e-02 8.173828e-01 -1.708633e+00
8.046875e-01 -1.734619e-01 5.678711e-01 7.967118e-01 1.535645e-01 9.848633e-01 8.300781e-02 -3.253692e-01 -5.737305e-01 2.043152e-02 8.188477e-01 -1.708115e+00
8.066406e-01 -1.724854e-01 5.654297e-01 7.970041e-01 1.530762e-01 9.848633e-01 8.203125e-02 -3.255146e-01 -5.712891e-01 2.037048e-02 8.208008e-01 -1.707594e+00
8.085938e-01 -1.719971e-01 5.629883e-01 7.971988e-01 1.528320e-01 9.848633e-01 8.142090e-02 -3.256744e-01 -5.683594e-01 2.017212e-02 8.227539e-01 -1.707085e+00
8.100586e-01 -1.715088e-01 5.610352e-01 7.972324e-01 1.524658e-01 9.848633e-01 8.093262e-02 -3.258579e-01 -5.664062e-01 2.000427e-02 8.237305e-01 -1.706616e+00
8.105469e-01 -1.713867e-01 5.600586e-01 7.970775e-01 1.520996e-01 9.848633e-01 8.117676e-02 -3.260629e-01 -5.654297e-01 1.940918e-02 8.242188e-01 -1.706199e+00
8.110352e-01 -1.705322e-01 5.595703e-01 7.967728e-01 1.517334e-01 9.853516e-01 8.050537e-02 -3.262819e-01 -5.649414e-01 1.960754e-02 8.247070e-01 -1.705827e+00
8.110352e-01 -1.705322e-01 5.595703e-01 7.963840e-01 1.513672e-01 9.853516e-01 8.099365e-02 -3.265031e-01 -5.649414e-01 1.893616e-02 8.247070e-01 -1.705474e+00
8.115234e-01 -1.697998e-01 5.585938e-01 7.959814e-01 1.507568e-01 9.853516e-01 8.044434e-02 -3.267078e-01 -5.644531e-01 1.895142e-02 8.251953e-01 -1.705099e+00
8.125000e-01 -1.693115e-01 5.576172e-01 7.956077e-01 1.506348e-01 9.853516e-01 7.971191e-02 -3.268926e-01 -5.629883e-01 1.921082e-02 8.261719e-01 -1.704701e+00
8.129883e-01 -1.689453e-01 5.566406e-01 7.952699e-01 1.502686e-01 9.853516e-01 7.965088e-02 -3.270646e-01 -5.620117e-01 1.889038e-02 8.266602e-01 -1.704345e+00
8.134766e-01 -1.688232e-01 5.566406e-01 7.949673e-01 1.502686e-01 9.853516e-01 7.928467e-02 -3.272247e-01 -5.620117e-01 1.919556e-02 8.271484e-01 -1.704108e+00
8.139648e-01 -1.688232e-01 5.556641e-01 7.947144e-01 1.502686e-01 9.853516e-01 7.916260e-02 -3.273727e-01 -5.610352e-01 1.907349e-02 8.276367e-01 -1.704018e+00
8.139648e-01 -1.693115e-01 5.556641e-01 7.945458e-01 1.501465e-01 9.853516e-01 8.020020e-02 -3.275002e-01 -5.610352e-01 1.818848e-02 8.276367e-01 -1.704053e+00
8.139648e-01 -1.693115e-01 5.551758e-01 7.944735e-01 1.502686e-01 9.853516e-01 8.013916e-02 -3.275993e-01 -5.610352e-01 1.818848e-02 8.276367e-01 -1.704132e+00
8.154297e-01 -1.702881e-01 5.537109e-01 7.944651e-01 1.507568e-01 9.853516e-01 8.105469e-02 -3.276744e-01 -5.590820e-01 1.737976e-02 8.286133e-01 -1.704170e+00
8.144531e-01 -1.691895e-01 5.551758e-01 7.944563e-01 1.499023e-01 9.853516e-01 8.032227e-02 -3.277227e-01 -5.610352e-01 1.782227e-02 8.276367e-01 -1.704114e+00
8.144531e-01 -1.687012e-01 5.551758e-01 7.944391e-01 1.496582e-01 9.853516e-01 7.989502e-02 -3.277359e-01 -5.605469e-01 1.799011e-02 8.281250e-01 -1.703973e+00
8.144531e-01 -1.687012e-01 5.556641e-01 7.944377e-01 1.497803e-01 9.853516e-01 7.971191e-02 -3.277102e-01 -5.610352e-01 1.832581e-02 8.276367e-01 -1.703777e+00
8.149414e-01 -1.678467e-01 5.546875e-01 7.944746e-01 1.495361e-01 9.858398e-01 7.855225e-02 -3.276517e-01 -5.600586e-01 1.895142e-02 8.286133e-01 -1.703551e+00
8.149414e-01 -1.676025e-01 5.551758e-01 7.945436e-01 1.495361e-01 9.858398e-01 7.806396e-02 -3.275731e-01 -5.600586e-01 1.937866e-02 8.281250e-01 -1.703321e+00
8.149414e-01 -1.672363e-01 5.546875e-01 7.946653e-01 1.492920e-01 9.858398e-01 7.775879e-02 -3.274796e-01 -5.595703e-01 1.939392e-02 8.286133e-01 -1.703111e+00
8.154297e-01 -1.673584e-01 5.541992e-01 7.948436e-01 1.500244e-01 9.858398e-01 7.696533e-02 -3.273873e-01 -5.590820e-01 2.035522e-02 8.291016e-01 -1.702939e+00
8.159180e-01 -1.671143e-01 5.532227e-01 7.950726e-01 1.495361e-01 9.858398e-01 7.720947e-02 -3.273209e-01 -5.585938e-01 1.974487e-02 8.291016e-01 -1.702831e+00
8.178711e-01 -1.691895e-01 5.498047e-01 7.953144e-01 1.519775e-01 9.853516e-01 7.714844e-02 -3.272986e-01 -5.551758e-01 2.046204e-02 8.315430e-01 -1.702751e+00
8.193359e-01 -1.666260e-01 5.483398e-01 7.954760e-01 1.488037e-01 9.858398e-01 7.720947e-02 -3.273437e-01 -5.532227e-01 1.826477e-02 8.325195e-01 -1.702638e+00
8.168945e-01 -1.667480e-01 5.517578e-01 7.955274e-01 1.492920e-01 9.858398e-01 7.690430e-02 -3.274177e-01 -5.566406e-01 1.957703e-02 8.305664e-01 -1.702500e+00
8.173828e-01 -1.665039e-01 5.517578e-01 7.955243e-01 1.489258e-01 9.858398e-01 7.696533e-02 -3.274948e-01 -5.566406e-01 1.930237e-02 8.305664e-01 -1.702400e+00
8.178711e-01 -1.665039e-01 5.507812e-01 7.955016e-01 1.488037e-01 9.858398e-01 7.714844e-02 -3.275601e-01 -5.561523e-01 1.890564e-02 8.310547e-01 -1.702361e+00
8.183594e-01 -1.669922e-01 5.502930e-01 7.954719e-01 1.491699e-01 9.858398e-01 7.733154e-02 -3.276078e-01 -5.551758e-01 1.882935e-02 8.315430e-01 -1.702389e+00
8.178711e-01 -1.671143e-01 5.502930e-01 7.954584e-01 1.491699e-01 9.858398e-01 7.751465e-02 -3.276438e-01 -5.556641e-01 1.870728e-02 8.310547e-01 -1.702465e+00
8.183594e-01 -1.671143e-01 5.498047e-01 7.955064e-01 1.490479e-01 9.858398e-01 7.775879e-02 -3.276700e-01 -5.551758e-01 1.834106e-02 8.315430e-01 -1.702523e+00
8.188477e-01 -1.673584e-01 5.488281e-01 7.956193e-01 1.495361e-01 9.858398e-01 7.739258e-02 -3.276909e-01 -5.541992e-01 1.876831e-02 8.320312e-01 -1.702513e+00
8.188477e-01 -1.668701e-01 5.488281e-01 7.957642e-01 1.486816e-01 9.858398e-01 7.781982e-02 -3.277156e-01 -5.541992e-01 1.791382e-02 8.320312e-01 -1.702411e+00
8.193359e-01 -1.665039e-01 5.488281e-01 7.959234e-01 1.484375e-01 9.858398e-01 7.751465e-02 -3.277255e-01 -5.537109e-01 1.791382e-02 8.325195e-01 -1.702232e+00
8.198242e-01 -1.663818e-01 5.478516e-01 7.960906e-01 1.483154e-01 9.858398e-01 7.751465e-02 -3.277081e-01 -5.532227e-01 1.771545e-02 8.330078e-01 -1.702022e+00
8.198242e-01 -1.657715e-01 5.483398e-01 7.962777e-01 1.480713e-01 9.858398e-01 7.678223e-02 -3.276619e-01 -5.532227e-01 1.824951e-02 8.325195e-01 -1.701831e+00
8.203125e-01 -1.658936e-01 5.473633e-01 7.964958e-01 1.481934e-01 9.858398e-01 7.666016e-02 -3.276022e-01 -5.527344e-01 1.824951e-02 8.334961e-01 -1.701709e+00
8.208008e-01 -1.656494e-01 5.468750e-01 7.967088e-01 1.483154e-01 9.858398e-01 7.623291e-02 -3.275568e-01 -5.517578e-01 1.850891e-02 8.339844e-01 -1.701633e+00
8.208008e-01 -1.654053e-01 5.468750e-01 7.968737e-01 1.480713e-01 9.858398e-01 7.604980e-02 -3.275499e-01 -5.517578e-01 1.847839e-02 8.339844e-01 -1.701563e+00
8.212891e-01 -1.654053e-01 5.458984e-01 7.969847e-01 1.478271e-01 9.858398e-01 7.641602e-02 -3.275801e-01 -5.512695e-01 1.795959e-02 8.339844e-01 -1.701475e+00
8.212891e-01 -1.654053e-01 5.458984e-01 7.970615e-01 1.477051e-01 9.858398e-01 7.659912e-02 -3.276235e-01 -5.507812e-01 1.771545e-02 8.344727e-01 -1.701354e+00
8.212891e-01 -1.651611e-01 5.458984e-01 7.971358e-01 1.474609e-01 9.863281e-01 7.653809e-02 -3.276593e-01 -5.507812e-01 1.762390e-02 8.344727e-01 -1.701204e+00
8.222656e-01 -1.646729e-01 5.449219e-01 7.972256e-01 1.472168e-01 9.863281e-01 7.586670e-02 -3.276820e-01 -5.498047e-01 1.786804e-02 8.349609e-01 -1.701034e+00
8.222656e-01 -1.640625e-01 5.444336e-01 7.973271e-01 1.472168e-01 9.863281e-01 7.464600e-02 -3.277049e-01 -5.493164e-01 1.878357e-02 8.354492e-01 -1.700861e+00
8.232422e-01 -1.640625e-01 5.434570e-01 7.974332e-01 1.468506e-01 9.863281e-01 7.525635e-02 -3.277446e-01 -5.483398e-01 1.789856e-02 8.359375e-01 -1.700709e+00
8.237305e-01 -1.640625e-01 5.429688e-01 7.975088e-01 1.469727e-01 9.863281e-01 7.513428e-02 -3.277902e-01 -5.478516e-01 1.789856e-02 8.364258e-01 -1.700611e+00
8.237305e-01 -1.645508e-01 5.424805e-01 7.975323e-01 1.468506e-01 9.863281e-01 7.617188e-02 -3.278284e-01 -5.473633e-01 1.693726e-02 8.364258e-01 -1.700577e+00
8.237305e-01 -1.646729e-01 5.429688e-01 7.975044e-01 1.470947e-01 9.863281e-01 7.598877e-02 -3.278391e-01 -5.478516e-01 1.725769e-02 8.364258e-01 -1.700598e+00
8.232422e-01 -1.651611e-01 5.429688e-01 7.974390e-01 1.475830e-01 9.863281e-01 7.617188e-02 -3.278238e-01 -5.478516e-01 1.742554e-02 8.364258e-01 -1.700642e+00
8.232422e-01 -1.652832e-01 5.429688e-01 7.973610e-01 1.477051e-01 9.863281e-01 7.629395e-02 -3.277980e-01 -5.478516e-01 1.737976e-02 8.364258e-01 -1.700689e+00
8.232422e-01 -1.655273e-01 5.429688e-01 7.972901e-01 1.480713e-01 9.858398e-01 7.629395e-02 -3.277799e-01 -5.478516e-01 1.756287e-02 8.364258e-01 -1.700743e+00
8.237305e-01 -1.651611e-01 5.424805e-01 7.972376e-01 1.474609e-01 9.863281e-01 7.629395e-02 -3.277805e-01 -5.478516e-01 1.721191e-02 8.364258e-01 -1.700800e+00
8.232422e-01 -1.652832e-01 5.429688e-01 7.971787e-01 1.477051e-01 9.858398e-01 7.623291e-02 -3.277992e-01 -5.478516e-01 1.739502e-02 8.364258e-01 -1.700822e+00
8.232422e-01 -1.654053e-01 5.434570e-01 7.971119e-01 1.478271e-01 9.858398e-01 7.623291e-02 -3.278369e-01 -5.483398e-01 1.751709e-02 8.359375e-01 -1.700805e+00
8.232422e-01 -1.650391e-01 5.429688e-01 7.970576e-01 1.474609e-01 9.863281e-01 7.629395e-02 -3.278854e-01 -5.483398e-01 1.728821e-02 8.359375e-01 -1.700762e+00
8.232422e-01 -1.651611e-01 5.429688e-01 7.970169e-01 1.474609e-01 9.863281e-01 7.635498e-02 -3.279286e-01 -5.483398e-01 1.724243e-02 8.359375e-01 -1.700697e+00
8.232422e-01 -1.650391e-01 5.434570e-01 7.969651e-01 1.470947e-01 9.863281e-01 7.666016e-02 -3.279570e-01 -5.488281e-01 1.679993e-02 8.359375e-01 -1.700615e+00
8.232422e-01 -1.654053e-01 5.434570e-01 7.968781e-01 1.475830e-01 9.858398e-01 7.666016e-02 -3.279750e-01 -5.483398e-01 1.707458e-02 8.359375e-01 -1.700519e+00
8.227539e-01 -1.656494e-01 5.434570e-01 7.967613e-01 1.479492e-01 9.858398e-01 7.647705e-02 -3.280029e-01 -5.483398e-01 1.745605e-02 8.359375e-01 -1.700438e+00
8.227539e-01 -1.652832e-01 5.439453e-01 7.966541e-01 1.474609e-01 9.863281e-01 7.659912e-02 -3.280513e-01 -5.488281e-01 1.715088e-02 8.354492e-01 -1.700406e+00
8.222656e-01 -1.651611e-01 5.444336e-01 7.965610e-01 1.472168e-01 9.863281e-01 7.684326e-02 -3.281109e-01 -5.498047e-01 1.693726e-02 8.354492e-01 -1.700418e+00
8.222656e-01 -1.651611e-01 5.449219e-01 7.964659e-01 1.470947e-01 9.863281e-01 7.696533e-02 -3.281717e-01 -5.498047e-01 1.689148e-02 8.349609e-01 -1.700448e+00
8.217773e-01 -1.651611e-01 5.454102e-01 7.963420e-01 1.469727e-01 9.863281e-01 7.714844e-02 -3.282283e-01 -5.502930e-01 1.673889e-02 8.349609e-01 -1.700483e+00
8.212891e-01 -1.650391e-01 5.458984e-01 7.961791e-01 1.468506e-01 9.863281e-01 7.727051e-02 -3.282791e-01 -5.507812e-01 1.667786e-02 8.344727e-01 -1.700517e+00
8.208008e-01 -1.654053e-01 5.463867e-01 7.959859e-01 1.470947e-01 9.863281e-01 7.745361e-02 -3.283260e-01 -5.517578e-01 1.681519e-02 8.339844e-01 -1.700551e+00
