9.985352e-01 2.099609e-02 -4.824829e-02 2.094011e-01 -1.538849e-02 9.931641e-01 1.138916e-01 -3.347295e-01 5.032349e-02 -1.130371e-01 9.921875e-01 -2.208318e+00
9.985352e-01 2.120972e-02 -4.913330e-02 2.113752e-01 -1.540375e-02 9.931641e-01 1.155396e-01 -3.352814e-01 5.123901e-02 -1.146240e-01 9.921875e-01 -2.206313e+00
9.985352e-01 2.154541e-02 -4.995728e-02 2.161967e-01 -1.554871e-02 9.931641e-01 1.172485e-01 -3.367126e-01 5.212402e-02 -1.163330e-01 9.916992e-01 -2.201502e+00
9.985352e-01 2.186584e-02 -5.090332e-02 2.223684e-01 -1.567078e-02 9.926758e-01 1.192017e-01 -3.386434e-01 5.316162e-02 -1.182251e-01 9.916992e-01 -2.195479e+00
9.985352e-01 2.264404e-02 -5.136108e-02 2.288649e-01 -1.626587e-02 9.926758e-01 1.212158e-01 -3.407262e-01 5.371094e-02 -1.202393e-01 9.912109e-01 -2.189288e+00
9.985352e-01 2.291870e-02 -5.224609e-02 2.353682e-01 -1.634216e-02 9.921875e-01 1.230469e-01 -3.427306e-01 5.465698e-02 -1.220093e-01 9.912109e-01 -2.183115e+00
9.985352e-01 2.351379e-02 -5.313110e-02 2.417701e-01 -1.670837e-02 9.921875e-01 1.251221e-01 -3.445977e-01 5.563354e-02 -1.239624e-01 9.907227e-01 -2.176930e+00
9.980469e-01 2.445984e-02 -5.361938e-02 2.482157e-01 -1.745605e-02 9.916992e-01 1.273193e-01 -3.463514e-01 5.627441e-02 -1.260986e-01 9.902344e-01 -2.170475e+00
9.980469e-01 2.424622e-02 -5.468750e-02 2.549237e-01 -1.701355e-02 9.916992e-01 1.291504e-01 -3.480787e-01 5.734253e-02 -1.280518e-01 9.902344e-01 -2.163509e+00
9.980469e-01 2.445984e-02 -5.596924e-02 2.616896e-01 -1.692200e-02 9.912109e-01 1.312256e-01 -3.498808e-01 5.868530e-02 -1.301270e-01 9.897461e-01 -2.156410e+00
9.980469e-01 2.520752e-02 -5.685425e-02 2.681601e-01 -1.741028e-02 9.907227e-01 1.335449e-01 -3.517837e-01 5.969238e-02 -1.323242e-01 9.892578e-01 -2.149725e+00
9.980469e-01 2.571106e-02 -5.737305e-02 2.743219e-01 -1.770020e-02 9.907227e-01 1.359863e-01 -3.537634e-01 6.033325e-02 -1.347656e-01 9.892578e-01 -2.143470e+00
9.980469e-01 2.583313e-02 -5.859375e-02 2.803579e-01 -1.750183e-02 9.902344e-01 1.385498e-01 -3.557284e-01 6.161499e-02 -1.372070e-01 9.887695e-01 -2.137333e+00
9.980469e-01 2.630615e-02 -5.957031e-02 2.862232e-01 -1.768494e-02 9.897461e-01 1.409912e-01 -3.576265e-01 6.268311e-02 -1.395264e-01 9.882812e-01 -2.131371e+00
9.980469e-01 2.691650e-02 -6.048584e-02 2.918755e-01 -1.802063e-02 9.897461e-01 1.430664e-01 -3.594637e-01 6.372070e-02 -1.417236e-01 9.877930e-01 -2.125673e+00
9.975586e-01 2.725220e-02 -6.134033e-02 2.973304e-01 -1.808167e-02 9.892578e-01 1.453857e-01 -3.612198e-01 6.463623e-02 -1.439209e-01 9.873047e-01 -2.120247e+00
9.975586e-01 2.764893e-02 -6.240845e-02 3.025778e-01 -1.817322e-02 9.887695e-01 1.478271e-01 -3.629181e-01 6.579590e-02 -1.462402e-01 9.868164e-01 -2.115124e+00
9.975586e-01 2.812195e-02 -6.335449e-02 3.075362e-01 -1.834106e-02 9.882812e-01 1.500244e-01 -3.646296e-01 6.683350e-02 -1.485596e-01 9.868164e-01 -2.110404e+00
9.975586e-01 2.885437e-02 -6.427002e-02 3.121473e-01 -1.875305e-02 9.882812e-01 1.525879e-01 -3.663803e-01 6.787109e-02 -1.510010e-01 9.863281e-01 -2.106179e+00
9.975586e-01 2.932739e-02 -6.512451e-02 3.164429e-01 -1.892090e-02 9.877930e-01 1.551514e-01 -3.681046e-01 6.884766e-02 -1.535645e-01 9.858398e-01 -2.102398e+00
9.975586e-01 3.102112e-02 -6.610107e-02 3.205023e-01 -2.024841e-02 9.873047e-01 1.578369e-01 -3.697458e-01 7.012939e-02 -1.560059e-01 9.853516e-01 -2.098871e+00
9.970703e-01 3.140259e-02 -6.701660e-02 3.244532e-01 -2.030945e-02 9.868164e-01 1.601562e-01 -3.713188e-01 7.116699e-02 -1.583252e-01 9.848633e-01 -2.095402e+00
9.970703e-01 3.204346e-02 -6.787109e-02 3.283897e-01 -2.061462e-02 9.863281e-01 1.625977e-01 -3.728545e-01 7.214355e-02 -1.607666e-01 9.843750e-01 -2.091886e+00
9.970703e-01 3.262329e-02 -6.848145e-02 3.323311e-01 -2.091980e-02 9.858398e-01 1.650391e-01 -3.743794e-01 7.293701e-02 -1.630859e-01 9.838867e-01 -2.088349e+00
