9.741211e-01 -1.998901e-02 2.250977e-01 -4.372981e-01 2.278137e-02 9.995117e-01 -9.826660e-03 -4.677700e-01 -2.247314e-01 1.470184e-02 9.741211e-01 -1.838427e+00
9.711914e-01 -2.186584e-02 2.373047e-01 -4.391429e-01 2.473450e-02 9.995117e-01 -9.124756e-03 -4.675170e-01 -2.370605e-01 1.472473e-02 9.711914e-01 -1.837376e+00
9.677734e-01 -2.359009e-02 2.509766e-01 -4.439013e-01 2.639771e-02 9.995117e-01 -7.827759e-03 -4.670338e-01 -2.507324e-01 1.420593e-02 9.677734e-01 -1.834699e+00
9.638672e-01 -2.511597e-02 2.644043e-01 -4.503341e-01 2.783203e-02 9.995117e-01 -6.538391e-03 -4.665928e-01 -2.641602e-01 1.366425e-02 9.643555e-01 -1.830273e+00
9.599609e-01 -2.644348e-02 2.792969e-01 -4.575170e-01 2.899170e-02 9.995117e-01 -4.985809e-03 -4.663441e-01 -2.790527e-01 1.288605e-02 9.599609e-01 -1.823789e+00
9.555664e-01 -2.764893e-02 2.939453e-01 -4.648938e-01 3.009033e-02 9.995117e-01 -3.807068e-03 -4.663945e-01 -2.937012e-01 1.248169e-02 9.560547e-01 -1.815169e+00
9.506836e-01 -2.983093e-02 3.085938e-01 -4.723135e-01 3.240967e-02 9.995117e-01 -3.246307e-03 -4.668498e-01 -3.083496e-01 1.308441e-02 9.511719e-01 -1.804609e+00
9.453125e-01 -3.056335e-02 3.244629e-01 -4.800132e-01 3.314209e-02 9.995117e-01 -2.403259e-03 -4.677840e-01 -3.242188e-01 1.302338e-02 9.458008e-01 -1.792842e+00
9.399414e-01 -3.454590e-02 3.400879e-01 -4.882299e-01 3.713989e-02 9.995117e-01 -1.118660e-03 -4.690314e-01 -3.398438e-01 1.367950e-02 9.404297e-01 -1.780957e+00
9.335938e-01 -3.387451e-02 3.569336e-01 -4.972414e-01 3.616333e-02 9.995117e-01 2.758503e-04 -4.700927e-01 -3.566895e-01 1.264954e-02 9.340820e-01 -1.770506e+00
9.272461e-01 -3.536987e-02 3.728027e-01 -5.067158e-01 3.771973e-02 9.995117e-01 1.014709e-03 -4.704562e-01 -3.725586e-01 1.311493e-02 9.277344e-01 -1.762218e+00
9.208984e-01 -3.701782e-02 3.884277e-01 -5.163684e-01 3.955078e-02 9.990234e-01 1.469612e-03 -4.700372e-01 -3.881836e-01 1.401520e-02 9.213867e-01 -1.756018e+00
9.140625e-01 -3.814697e-02 4.042969e-01 -5.259498e-01 4.089355e-02 9.990234e-01 1.882553e-03 -4.691658e-01 -4.040527e-01 1.480103e-02 9.145508e-01 -1.751260e+00
9.067383e-01 -3.942871e-02 4.201660e-01 -5.355878e-01 4.254150e-02 9.990234e-01 1.962662e-03 -4.682593e-01 -4.199219e-01 1.609802e-02 9.072266e-01 -1.748106e+00
8.989258e-01 -4.049683e-02 4.362793e-01 -5.456745e-01 4.421997e-02 9.990234e-01 1.652718e-03 -4.677213e-01 -4.357910e-01 1.780701e-02 8.999023e-01 -1.747388e+00
8.906250e-01 -4.260254e-02 4.523926e-01 -5.566938e-01 4.678345e-02 9.990234e-01 1.966476e-03 -4.678367e-01 -4.519043e-01 1.940918e-02 8.920898e-01 -1.750303e+00
8.818359e-01 -4.577637e-02 4.694824e-01 -5.687745e-01 5.035400e-02 9.985352e-01 2.817154e-03 -4.686526e-01 -4.689941e-01 2.114868e-02 8.828125e-01 -1.757593e+00
8.725586e-01 -4.827881e-02 4.860840e-01 -5.814021e-01 5.270386e-02 9.985352e-01 4.547119e-03 -4.697918e-01 -4.855957e-01 2.165222e-02 8.740234e-01 -1.768167e+00
8.627930e-01 -5.145264e-02 5.024414e-01 -5.936762e-01 5.603027e-02 9.985352e-01 6.000519e-03 -4.703106e-01 -5.019531e-01 2.297974e-02 8.642578e-01 -1.777817e+00
8.530273e-01 -5.465698e-02 5.185547e-01 -6.044027e-01 5.947876e-02 9.980469e-01 7.328033e-03 -4.694327e-01 -5.180664e-01 2.459717e-02 8.549805e-01 -1.781961e+00
8.432617e-01 -5.596924e-02 5.346680e-01 -6.128738e-01 6.106567e-02 9.980469e-01 8.186340e-03 -4.670735e-01 -5.341797e-01 2.574158e-02 8.452148e-01 -1.779072e+00
8.334961e-01 -5.825806e-02 5.493164e-01 -6.194468e-01 6.396484e-02 9.980469e-01 8.804321e-03 -4.638741e-01 -5.488281e-01 2.780151e-02 8.354492e-01 -1.771993e+00
8.242188e-01 -5.975342e-02 5.634766e-01 -6.249860e-01 6.573486e-02 9.975586e-01 9.689331e-03 -4.607763e-01 -5.625000e-01 2.905273e-02 8.261719e-01 -1.763899e+00
8.144531e-01 -6.097412e-02 5.766602e-01 -6.302268e-01 6.713867e-02 9.975586e-01 1.065826e-02 -4.581519e-01 -5.761719e-01 3.005981e-02 8.168945e-01 -1.756076e+00
8.051758e-01 -6.222534e-02 5.893555e-01 -6.355590e-01 6.854248e-02 9.975586e-01 1.162720e-02 -4.557545e-01 -5.888672e-01 3.106689e-02 8.076172e-01 -1.747956e+00
7.963867e-01 -6.341553e-02 6.015625e-01 -6.411917e-01 6.994629e-02 9.975586e-01 1.262665e-02 -4.530967e-01 -6.010742e-01 3.201294e-02 7.988281e-01 -1.738591e+00
7.875977e-01 -6.420898e-02 6.127930e-01 -6.473389e-01 7.080078e-02 9.975586e-01 1.349640e-02 -4.498012e-01 -6.118164e-01 3.274536e-02 7.900391e-01 -1.727775e+00
7.788086e-01 -6.500244e-02 6.240234e-01 -6.542532e-01 7.189941e-02 9.970703e-01 1.423645e-02 -4.456802e-01 -6.235352e-01 3.378296e-02 7.812500e-01 -1.716242e+00
7.695312e-01 -6.542969e-02 6.352539e-01 -6.617646e-01 7.263184e-02 9.970703e-01 1.475525e-02 -4.409550e-01 -6.342773e-01 3.479004e-02 7.724609e-01 -1.705874e+00
7.617188e-01 -6.652832e-02 6.440430e-01 -6.698112e-01 7.391357e-02 9.970703e-01 1.554871e-02 -4.361504e-01 -6.435547e-01 3.576660e-02 7.646484e-01 -1.698497e+00
7.543945e-01 -6.701660e-02 6.533203e-01 -6.784095e-01 7.409668e-02 9.970703e-01 1.675415e-02 -4.318303e-01 -6.523438e-01 3.576660e-02 7.568359e-01 -1.693742e+00
7.465820e-01 -6.793213e-02 6.616211e-01 -6.874385e-01 7.470703e-02 9.970703e-01 1.808167e-02 -4.282111e-01 -6.606445e-01 3.591919e-02 7.495117e-01 -1.690611e+00
7.392578e-01 -6.896973e-02 6.694336e-01 -6.966511e-01 7.525635e-02 9.970703e-01 1.953125e-02 -4.253444e-01 -6.689453e-01 3.594971e-02 7.421875e-01 -1.688063e+00
7.314453e-01 -7.025146e-02 6.782227e-01 -7.057805e-01 7.623291e-02 9.970703e-01 2.104187e-02 -4.231055e-01 -6.772461e-01 3.628540e-02 7.348633e-01 -1.685560e+00
7.246094e-01 -7.122803e-02 6.855469e-01 -7.147168e-01 7.702637e-02 9.965820e-01 2.218628e-02 -4.215238e-01 -6.850586e-01 3.674316e-02 7.275391e-01 -1.683242e+00
7.167969e-01 -7.281494e-02 6.933594e-01 -7.235158e-01 7.836914e-02 9.965820e-01 2.359009e-02 -4.206826e-01 -6.928711e-01 3.744507e-02 7.202148e-01 -1.680854e+00
7.094727e-01 -7.397461e-02 7.011719e-01 -7.320131e-01 7.922363e-02 9.965820e-01 2.503967e-02 -4.205368e-01 -7.006836e-01 3.778076e-02 7.128906e-01 -1.677558e+00
7.021484e-01 -7.525635e-02 7.080078e-01 -7.400187e-01 7.983398e-02 9.965820e-01 2.671814e-02 -4.210481e-01 -7.075195e-01 3.778076e-02 7.055664e-01 -1.672601e+00
6.948242e-01 -7.641602e-02 7.148438e-01 -7.476481e-01 8.032227e-02 9.965820e-01 2.845764e-02 -4.223456e-01 -7.143555e-01 3.762817e-02 6.987305e-01 -1.665415e+00
6.879883e-01 -7.788086e-02 7.216797e-01 -7.551360e-01 8.081055e-02 9.960938e-01 3.047180e-02 -4.245052e-01 -7.211914e-01 3.738403e-02 6.914062e-01 -1.655879e+00
6.796875e-01 -7.916260e-02 7.294922e-01 -7.625563e-01 7.861328e-02 9.960938e-01 3.491211e-02 -4.269787e-01 -7.294922e-01 3.359985e-02 6.831055e-01 -1.644971e+00
6.733398e-01 -8.044434e-02 7.348633e-01 -7.697109e-01 8.026123e-02 9.960938e-01 3.552246e-02 -4.284711e-01 -7.348633e-01 3.506470e-02 6.772461e-01 -1.634182e+00
6.660156e-01 -8.117676e-02 7.416992e-01 -7.764445e-01 7.983398e-02 9.960938e-01 3.735352e-02 -4.288901e-01 -7.416992e-01 3.433228e-02 6.699219e-01 -1.622686e+00
6.586914e-01 -8.227539e-02 7.480469e-01 -7.827757e-01 8.056641e-02 9.960938e-01 3.857422e-02 -4.284060e-01 -7.480469e-01 3.485107e-02 6.625977e-01 -1.609460e+00
6.508789e-01 -8.245850e-02 7.548828e-01 -7.887357e-01 7.952881e-02 9.960938e-01 4.025269e-02 -4.274380e-01 -7.548828e-01 3.381348e-02 6.547852e-01 -1.594344e+00
6.425781e-01 -8.325195e-02 7.617188e-01 -7.943563e-01 7.958984e-02 9.960938e-01 4.171753e-02 -4.263000e-01 -7.622070e-01 3.381348e-02 6.464844e-01 -1.578784e+00
6.352539e-01 -8.331299e-02 7.675781e-01 -7.998423e-01 7.818604e-02 9.960938e-01 4.336548e-02 -4.253245e-01 -7.685547e-01 3.247070e-02 6.391602e-01 -1.565369e+00
6.279297e-01 -8.465576e-02 7.739258e-01 -8.056821e-01 7.769775e-02 9.960938e-01 4.595947e-02 -4.247170e-01 -7.744141e-01 3.128052e-02 6.318359e-01 -1.555790e+00
6.191406e-01 -8.538818e-02 7.807617e-01 -8.119400e-01 7.684326e-02 9.960938e-01 4.797363e-02 -4.242177e-01 -7.817383e-01 3.030396e-02 6.230469e-01 -1.550475e+00
6.132812e-01 -8.648682e-02 7.851562e-01 -8.185066e-01 7.647705e-02 9.956055e-01 4.995728e-02 -4.234311e-01 -7.861328e-01 2.941895e-02 6.171875e-01 -1.549090e+00
6.054688e-01 -8.758545e-02 7.910156e-01 -8.254965e-01 7.623291e-02 9.956055e-01 5.191040e-02 -4.222932e-01 -7.924805e-01 2.888489e-02 6.093750e-01 -1.549202e+00
5.971680e-01 -8.892822e-02 7.973633e-01 -8.330282e-01 7.598877e-02 9.956055e-01 5.416870e-02 -4.210888e-01 -7.988281e-01 2.824402e-02 6.010742e-01 -1.549421e+00
5.893555e-01 -8.966064e-02 8.032227e-01 -8.404527e-01 7.476807e-02 9.956055e-01 5.633545e-02 -4.199587e-01 -8.046875e-01 2.687073e-02 5.932617e-01 -1.548479e+00
5.805664e-01 -9.057617e-02 8.090820e-01 -8.471390e-01 7.464600e-02 9.956055e-01 5.789185e-02 -4.188834e-01 -8.110352e-01 2.677917e-02 5.844727e-01 -1.545612e+00
5.727539e-01 -9.100342e-02 8.149414e-01 -8.528808e-01 7.305908e-02 9.956055e-01 5.984497e-02 -4.179030e-01 -8.164062e-01 2.523804e-02 5.766602e-01 -1.541203e+00
5.639648e-01 -9.204102e-02 8.208008e-01 -8.576700e-01 7.250977e-02 9.956055e-01 6.176758e-02 -4.169065e-01 -8.227539e-01 2.468872e-02 5.683594e-01 -1.535808e+00
5.556641e-01 -9.252930e-02 8.261719e-01 -8.618127e-01 7.159424e-02 9.956055e-01 6.335449e-02 -4.158991e-01 -8.286133e-01 2.397156e-02 5.595703e-01 -1.530118e+00
5.468750e-01 -9.362793e-02 8.320312e-01 -8.656946e-01 7.128906e-02 9.951172e-01 6.512451e-02 -4.148987e-01 -8.339844e-01 2.369690e-02 5.512695e-01 -1.524463e+00
