9.985352e-01 2.099609e-02 -4.824829e-02 4.860556e-01 -1.538849e-02 9.931641e-01 1.138916e-01 -6.379300e-01 5.032349e-02 -1.130371e-01 9.921875e-01 5.176602e-01
9.985352e-01 2.120972e-02 -4.913330e-02 4.880297e-01 -1.540375e-02 9.931641e-01 1.155396e-01 -6.384819e-01 5.123901e-02 -1.146240e-01 9.921875e-01 5.196654e-01
9.985352e-01 2.154541e-02 -4.995728e-02 4.928512e-01 -1.554871e-02 9.931641e-01 1.172485e-01 -6.399131e-01 5.212402e-02 -1.163330e-01 9.916992e-01 5.244759e-01
9.985352e-01 2.186584e-02 -5.090332e-02 4.990229e-01 -1.567078e-02 9.926758e-01 1.192017e-01 -6.418439e-01 5.316162e-02 -1.182251e-01 9.916992e-01 5.304989e-01
9.985352e-01 2.264404e-02 -5.136108e-02 5.055194e-01 -1.626587e-02 9.926758e-01 1.212158e-01 -6.439267e-01 5.371094e-02 -1.202393e-01 9.912109e-01 5.366904e-01
9.985352e-01 2.291870e-02 -5.224609e-02 5.120227e-01 -1.634216e-02 9.921875e-01 1.230469e-01 -6.459311e-01 5.465698e-02 -1.220093e-01 9.912109e-01 5.428628e-01
9.985352e-01 2.351379e-02 -5.313110e-02 5.184246e-01 -1.670837e-02 9.921875e-01 1.251221e-01 -6.477982e-01 5.563354e-02 -1.239624e-01 9.907227e-01 5.490476e-01
9.980469e-01 2.445984e-02 -5.361938e-02 5.248702e-01 -1.745605e-02 9.916992e-01 1.273193e-01 -6.495519e-01 5.627441e-02 -1.260986e-01 9.902344e-01 5.555033e-01
9.980469e-01 2.424622e-02 -5.468750e-02 5.315782e-01 -1.701355e-02 9.916992e-01 1.291504e-01 -6.512792e-01 5.734253e-02 -1.280518e-01 9.902344e-01 5.624686e-01
9.980469e-01 2.445984e-02 -5.596924e-02 5.383441e-01 -1.692200e-02 9.912109e-01 1.312256e-01 -6.530813e-01 5.868530e-02 -1.301270e-01 9.897461e-01 5.695681e-01
9.980469e-01 2.520752e-02 -5.685425e-02 5.448146e-01 -1.741028e-02 9.907227e-01 1.335449e-01 -6.549842e-01 5.969238e-02 -1.323242e-01 9.892578e-01 5.762525e-01
9.980469e-01 2.571106e-02 -5.737305e-02 5.509764e-01 -1.770020e-02 9.907227e-01 1.359863e-01 -6.569639e-01 6.033325e-02 -1.347656e-01 9.892578e-01 5.825080e-01
9.980469e-01 2.583313e-02 -5.859375e-02 5.570124e-01 -1.750183e-02 9.902344e-01 1.385498e-01 -6.589289e-01 6.161499e-02 -1.372070e-01 9.887695e-01 5.886446e-01
9.980469e-01 2.630615e-02 -5.957031e-02 5.628777e-01 -1.768494e-02 9.897461e-01 1.409912e-01 -6.608270e-01 6.268311e-02 -1.395264e-01 9.882812e-01 5.946071e-01
9.980469e-01 2.691650e-02 -6.048584e-02 5.685300e-01 -1.802063e-02 9.897461e-01 1.430664e-01 -6.626642e-01 6.372070e-02 -1.417236e-01 9.877930e-01 6.003045e-01
9.975586e-01 2.725220e-02 -6.134033e-02 5.739849e-01 -1.808167e-02 9.892578e-01 1.453857e-01 -6.644203e-01 6.463623e-02 -1.439209e-01 9.873047e-01 6.057309e-01
9.975586e-01 2.764893e-02 -6.240845e-02 5.792323e-01 -1.817322e-02 9.887695e-01 1.478271e-01 -6.661186e-01 6.579590e-02 -1.462402e-01 9.868164e-01 6.108540e-01
9.975586e-01 2.812195e-02 -6.335449e-02 5.841907e-01 -1.834106e-02 9.882812e-01 1.500244e-01 -6.678301e-01 6.683350e-02 -1.485596e-01 9.868164e-01 6.155736e-01
9.975586e-01 2.885437e-02 -6.427002e-02 5.888018e-01 -1.875305e-02 9.882812e-01 1.525879e-01 -6.695808e-01 6.787109e-02 -1.510010e-01 9.863281e-01 6.197994e-01
9.975586e-01 2.932739e-02 -6.512451e-02 5.930974e-01 -1.892090e-02 9.877930e-01 1.551514e-01 -6.713051e-01 6.884766e-02 -1.535645e-01 9.858398e-01 6.235797e-01
9.975586e-01 3.102112e-02 -6.610107e-02 5.971568e-01 -2.024841e-02 9.873047e-01 1.578369e-01 -6.729463e-01 7.012939e-02 -1.560059e-01 9.853516e-01 6.271073e-01
9.970703e-01 3.140259e-02 -6.701660e-02 6.011077e-01 -2.030945e-02 9.868164e-01 1.601562e-01 -6.745193e-01 7.116699e-02 -1.583252e-01 9.848633e-01 6.305760e-01
9.970703e-01 3.204346e-02 -6.787109e-02 6.050442e-01 -2.061462e-02 9.863281e-01 1.625977e-01 -6.760550e-01 7.214355e-02 -1.607666e-01 9.843750e-01 6.340923e-01
9.970703e-01 3.262329e-02 -6.848145e-02 6.089856e-01 -2.091980e-02 9.858398e-01 1.650391e-01 -6.775799e-01 7.293701e-02 -1.630859e-01 9.838867e-01 6.376294e-01
