1.000000e+00 2.065897e-04 -4.680157e-04 1.762601e-02 -2.065897e-04 1.000000e+00 4.732609e-05 -3.684070e-02 4.680157e-04 -4.720688e-05 1.000000e+00 -2.456987e-04
1.000000e+00 -2.864838e-03 1.213837e-02 1.976236e-02 2.878189e-03 1.000000e+00 -1.036644e-03 -3.672050e-02 -1.213837e-02 1.070976e-03 1.000000e+00 -6.191349e-04
9.995117e-01 -6.122589e-03 2.548218e-02 2.515601e-02 6.164551e-03 1.000000e+00 -1.481056e-03 -3.644692e-02 -2.548218e-02 1.637459e-03 9.995117e-01 -1.606273e-03
9.990234e-01 -9.407043e-03 3.909302e-02 3.232180e-02 9.513855e-03 1.000000e+00 -2.374649e-03 -3.612937e-02 -3.906250e-02 2.744675e-03 9.990234e-01 -3.003642e-03
9.985352e-01 -1.340485e-02 5.212402e-02 4.016349e-02 1.345825e-02 1.000000e+00 -6.346703e-04 -3.582660e-02 -5.209351e-02 1.335144e-03 9.985352e-01 -4.656448e-03
9.980469e-01 -1.692200e-02 6.262207e-02 4.806255e-02 1.698303e-02 1.000000e+00 -4.401207e-04 -3.552272e-02 -6.262207e-02 1.502991e-03 9.980469e-01 -6.473796e-03
9.970703e-01 -1.953125e-02 7.421875e-02 5.577128e-02 1.956177e-02 1.000000e+00 2.375841e-04 -3.519562e-02 -7.421875e-02 1.214981e-03 9.970703e-01 -8.425442e-03
9.960938e-01 -2.238464e-02 8.361816e-02 6.330044e-02 2.233887e-02 9.995117e-01 1.630783e-03 -3.483548e-02 -8.361816e-02 2.428293e-04 9.965820e-01 -1.051363e-02
9.951172e-01 -2.458191e-02 9.631348e-02 7.077542e-02 2.474976e-02 9.995117e-01 -4.959106e-04 -3.444926e-02 -9.625244e-02 2.876282e-03 9.951172e-01 -1.274756e-02
9.936523e-01 -2.745056e-02 1.079102e-01 7.835003e-02 2.735901e-02 9.995117e-01 2.296448e-03 -3.406132e-02 -1.079102e-01 6.690025e-04 9.941406e-01 -1.513372e-02
9.921875e-01 -3.085327e-02 1.203003e-01 8.610108e-02 3.063965e-02 9.995117e-01 3.650665e-03 -3.361474e-02 -1.203613e-01 6.258488e-05 9.926758e-01 -1.768627e-02
9.907227e-01 -3.430176e-02 1.331787e-01 9.403919e-02 3.421021e-02 9.995117e-01 3.053665e-03 -3.305498e-02 -1.331787e-01 1.531601e-03 9.912109e-01 -2.041361e-02
9.887695e-01 -3.805542e-02 1.455078e-01 1.021470e-01 3.802490e-02 9.995117e-01 2.908707e-03 -3.238676e-02 -1.455078e-01 2.656937e-03 9.892578e-01 -2.330433e-02
9.863281e-01 -4.156494e-02 1.583252e-01 1.103952e-01 4.153442e-02 9.990234e-01 3.517151e-03 -3.165199e-02 -1.584473e-01 3.105164e-03 9.873047e-01 -2.633591e-02
9.843750e-01 -4.434204e-02 1.699219e-01 1.187429e-01 4.455566e-02 9.990234e-01 2.580643e-03 -3.091619e-02 -1.697998e-01 5.031586e-03 9.853516e-01 -2.950127e-02
9.819336e-01 -4.779053e-02 1.821289e-01 1.271592e-01 4.751587e-02 9.990234e-01 5.813599e-03 -3.022545e-02 -1.821289e-01 2.943039e-03 9.833984e-01 -3.280259e-02
9.794922e-01 -5.175781e-02 1.944580e-01 1.356743e-01 5.072021e-02 9.985352e-01 1.021576e-02 -2.951527e-02 -1.947021e-01 -1.381636e-04 9.809570e-01 -3.625912e-02
9.770508e-01 -5.453491e-02 2.067871e-01 1.443138e-01 5.368042e-02 9.985352e-01 9.658813e-03 -2.870767e-02 -2.069092e-01 1.666069e-03 9.785156e-01 -3.989611e-02
9.741211e-01 -5.822754e-02 2.194824e-01 1.530599e-01 5.755615e-02 9.985352e-01 9.552002e-03 -2.784265e-02 -2.196045e-01 3.330231e-03 9.755859e-01 -4.373806e-02
9.707031e-01 -6.192017e-02 2.324219e-01 1.618943e-01 6.127930e-02 9.980469e-01 1.000214e-02 -2.699588e-02 -2.325439e-01 4.535675e-03 9.726562e-01 -4.780951e-02
9.667969e-01 -6.536865e-02 2.479248e-01 1.708180e-01 6.494141e-02 9.980469e-01 9.773254e-03 -2.622528e-02 -2.480469e-01 6.656647e-03 9.687500e-01 -5.211049e-02
9.638672e-01 -6.762695e-02 2.585449e-01 1.798092e-01 6.683350e-02 9.975586e-01 1.190186e-02 -2.553610e-02 -2.587891e-01 5.817413e-03 9.658203e-01 -5.661865e-02
9.614258e-01 -6.866455e-02 2.661133e-01 1.887168e-01 6.829834e-02 9.975586e-01 1.059723e-02 -2.484871e-02 -2.663574e-01 7.987976e-03 9.638672e-01 -6.125049e-02
9.565430e-01 -7.250977e-02 2.817383e-01 1.973809e-01 7.159424e-02 9.975586e-01 1.361847e-02 -2.408154e-02 -2.819824e-01 7.137299e-03 9.594727e-01 -6.590027e-02
9.521484e-01 -7.623291e-02 2.956543e-01 2.058671e-01 7.580566e-02 9.970703e-01 1.282501e-02 -2.315918e-02 -2.956543e-01 1.020813e-02 9.550781e-01 -7.056488e-02
9.487305e-01 -7.904053e-02 3.054199e-01 2.143360e-01 7.934570e-02 9.965820e-01 1.139069e-02 -2.212968e-02 -3.051758e-01 1.342773e-02 9.521484e-01 -7.529957e-02
9.448242e-01 -8.325195e-02 3.173828e-01 2.229053e-01 8.276367e-02 9.965820e-01 1.506042e-02 -2.108549e-02 -3.173828e-01 1.203156e-02 9.482422e-01 -8.015492e-02
9.399414e-01 -8.770752e-02 3.293457e-01 2.316378e-01 8.642578e-02 9.960938e-01 1.847839e-02 -2.003706e-02 -3.298340e-01 1.110077e-02 9.438477e-01 -8.518171e-02
9.375000e-01 -8.941650e-02 3.356934e-01 2.404814e-01 8.874512e-02 9.960938e-01 1.739502e-02 -1.901831e-02 -3.359375e-01 1.348114e-02 9.418945e-01 -9.037683e-02
9.340820e-01 -9.375000e-02 3.444824e-01 2.492219e-01 9.210205e-02 9.956055e-01 2.128601e-02 -1.815422e-02 -3.449707e-01 1.184845e-02 9.384766e-01 -9.565657e-02
9.277344e-01 -9.625244e-02 3.608398e-01 2.577033e-01 9.619141e-02 9.951172e-01 1.832581e-02 -1.753260e-02 -3.608398e-01 1.768494e-02 9.326172e-01 -1.009916e-01
9.238281e-01 -1.035156e-01 3.681641e-01 2.659665e-01 9.997559e-02 9.946289e-01 2.873230e-02 -1.720627e-02 -3.691406e-01 1.026154e-02 9.291992e-01 -1.064260e-01
9.179688e-01 -1.033325e-01 3.833008e-01 2.740619e-01 1.007080e-01 9.946289e-01 2.694702e-02 -1.708758e-02 -3.840332e-01 1.385498e-02 9.233398e-01 -1.119884e-01
9.130859e-01 -1.052246e-01 3.935547e-01 2.821025e-01 1.023560e-01 9.941406e-01 2.822876e-02 -1.727668e-02 -3.942871e-01 1.450348e-02 9.189453e-01 -1.177078e-01
9.077148e-01 -1.082764e-01 4.057617e-01 2.900447e-01 1.040649e-01 9.941406e-01 3.244019e-02 -1.788202e-02 -4.069824e-01 1.278687e-02 9.135742e-01 -1.235419e-01
8.999023e-01 -1.160278e-01 4.199219e-01 2.977256e-01 1.074829e-01 9.931641e-01 4.403687e-02 -1.879977e-02 -4.221191e-01 5.496979e-03 9.067383e-01 -1.293681e-01
8.930664e-01 -1.218872e-01 4.328613e-01 3.050131e-01 1.104736e-01 9.926758e-01 5.151367e-02 -1.967325e-02 -4.360352e-01 1.817703e-03 8.999023e-01 -1.350687e-01
8.842773e-01 -1.295166e-01 4.487305e-01 3.118442e-01 1.139526e-01 9.916992e-01 6.170654e-02 -2.016136e-02 -4.528809e-01 -3.414154e-03 8.916016e-01 -1.405519e-01
8.750000e-01 -1.341553e-01 4.648438e-01 3.182796e-01 1.176758e-01 9.907227e-01 6.457520e-02 -2.006306e-02 -4.692383e-01 -1.815796e-03 8.833008e-01 -1.458112e-01
8.666992e-01 -1.376953e-01 4.797363e-01 3.244496e-01 1.201172e-01 9.907227e-01 6.726074e-02 -1.943791e-02 -4.843750e-01 -6.842613e-04 8.750000e-01 -1.509237e-01
8.598633e-01 -1.403809e-01 4.912109e-01 3.304412e-01 1.211548e-01 9.902344e-01 7.098389e-02 -1.846383e-02 -4.963379e-01 -1.530647e-03 8.681641e-01 -1.560050e-01
8.540039e-01 -1.440430e-01 5.000000e-01 3.362644e-01 1.242676e-01 9.897461e-01 7.293701e-02 -1.729061e-02 -5.053711e-01 -1.158714e-04 8.627930e-01 -1.611458e-01
8.471680e-01 -1.472168e-01 5.102539e-01 3.418923e-01 1.260986e-01 9.892578e-01 7.586670e-02 -1.600938e-02 -5.156250e-01 6.514788e-05 8.564453e-01 -1.663832e-01
8.398438e-01 -1.502686e-01 5.214844e-01 3.473617e-01 1.293945e-01 9.887695e-01 7.653809e-02 -1.467200e-02 -5.268555e-01 3.175735e-03 8.496094e-01 -1.717250e-01
8.334961e-01 -1.529541e-01 5.307617e-01 3.527468e-01 1.315918e-01 9.882812e-01 7.824707e-02 -1.333710e-02 -5.366211e-01 4.646301e-03 8.437500e-01 -1.771739e-01
8.276367e-01 -1.562500e-01 5.390625e-01 3.580771e-01 1.335449e-01 9.877930e-01 8.123779e-02 -1.202258e-02 -5.454102e-01 4.795074e-03 8.383789e-01 -1.827008e-01
8.212891e-01 -1.584473e-01 5.483398e-01 3.633605e-01 1.353760e-01 9.873047e-01 8.251953e-02 -1.072806e-02 -5.546875e-01 6.462097e-03 8.320312e-01 -1.882579e-01
8.144531e-01 -1.617432e-01 5.571289e-01 3.686414e-01 1.374512e-01 9.868164e-01 8.544922e-02 -9.482061e-03 -5.634766e-01 6.958008e-03 8.261719e-01 -1.938252e-01
8.085938e-01 -1.654053e-01 5.649414e-01 3.739749e-01 1.392822e-01 9.863281e-01 8.935547e-02 -8.318331e-03 -5.717773e-01 6.500244e-03 8.203125e-01 -1.994183e-01
8.032227e-01 -1.707764e-01 5.703125e-01 3.793590e-01 1.428223e-01 9.853516e-01 9.387207e-02 -7.248329e-03 -5.781250e-01 6.000519e-03 8.159180e-01 -2.050252e-01
7.978516e-01 -1.757812e-01 5.766602e-01 3.847315e-01 1.451416e-01 9.843750e-01 9.930420e-02 -6.272169e-03 -5.849609e-01 4.440308e-03 8.110352e-01 -2.105864e-01
7.924805e-01 -1.796875e-01 5.830078e-01 3.900034e-01 1.467285e-01 9.838867e-01 1.037598e-01 -5.351949e-03 -5.922852e-01 3.345490e-03 8.056641e-01 -2.160502e-01
7.871094e-01 -1.842041e-01 5.883789e-01 3.950808e-01 1.489258e-01 9.829102e-01 1.085205e-01 -4.440089e-03 -5.986328e-01 2.246857e-03 8.012695e-01 -2.213548e-01
7.822266e-01 -1.881104e-01 5.942383e-01 3.998988e-01 1.496582e-01 9.819336e-01 1.140137e-01 -3.477698e-03 -6.049805e-01 -2.851486e-04 7.963867e-01 -2.264637e-01
7.773438e-01 -1.911621e-01 5.996094e-01 4.044418e-01 1.506348e-01 9.814453e-01 1.177368e-01 -2.417356e-03 -6.108398e-01 -1.223564e-03 7.915039e-01 -2.313983e-01
7.719727e-01 -1.932373e-01 6.054688e-01 4.087583e-01 1.517334e-01 9.809570e-01 1.196899e-01 -1.275958e-03 -6.171875e-01 -5.583763e-04 7.866211e-01 -2.362327e-01
7.690430e-01 -1.961670e-01 6.083984e-01 4.129265e-01 1.529541e-01 9.804688e-01 1.229858e-01 -1.106907e-04 -6.210938e-01 -1.505852e-03 7.836914e-01 -2.410668e-01
7.666016e-01 -1.990967e-01 6.108398e-01 4.169759e-01 1.541748e-01 9.799805e-01 1.260986e-01 1.050353e-03 -6.235352e-01 -2.477646e-03 7.817383e-01 -2.459361e-01
7.636719e-01 -2.008057e-01 6.137695e-01 4.209334e-01 1.546631e-01 9.794922e-01 1.280518e-01 2.214692e-03 -6.269531e-01 -2.948761e-03 7.792969e-01 -2.508535e-01
7.612305e-01 -2.012939e-01 6.166992e-01 4.248546e-01 1.544189e-01 9.794922e-01 1.291504e-01 3.394352e-03 -6.298828e-01 -3.141403e-03 7.768555e-01 -2.558288e-01
7.583008e-01 -2.031250e-01 6.196289e-01 4.287976e-01 1.558838e-01 9.790039e-01 1.301270e-01 4.592421e-03 -6.333008e-01 -2.099991e-03 7.739258e-01 -2.608716e-01
7.548828e-01 -2.060547e-01 6.225586e-01 4.327853e-01 1.578369e-01 9.785156e-01 1.325684e-01 5.808662e-03 -6.367188e-01 -1.753807e-03 7.714844e-01 -2.659624e-01
7.519531e-01 -2.082520e-01 6.254883e-01 4.367672e-01 1.600342e-01 9.780273e-01 1.334229e-01 7.058893e-03 -6.391602e-01 -2.582073e-04 7.690430e-01 -2.710426e-01
7.480469e-01 -2.097168e-01 6.298828e-01 4.406795e-01 1.612549e-01 9.775391e-01 1.340332e-01 8.330889e-03 -6.440430e-01 1.359940e-03 7.651367e-01 -2.760566e-01
7.441406e-01 -2.113037e-01 6.333008e-01 4.445271e-01 1.618652e-01 9.775391e-01 1.358643e-01 9.620654e-03 -6.479492e-01 1.398087e-03 7.617188e-01 -2.809807e-01
7.402344e-01 -2.136230e-01 6.372070e-01 4.483495e-01 1.621094e-01 9.770508e-01 1.391602e-01 1.094582e-02 -6.523438e-01 2.944469e-04 7.578125e-01 -2.858305e-01
7.373047e-01 -2.171631e-01 6.396484e-01 4.521522e-01 1.639404e-01 9.760742e-01 1.424561e-01 1.231175e-02 -6.552734e-01 -1.850128e-04 7.553711e-01 -2.906567e-01
7.329102e-01 -2.204590e-01 6.440430e-01 4.558377e-01 1.661377e-01 9.755859e-01 1.448975e-01 1.366942e-02 -6.601562e-01 7.715225e-04 7.514648e-01 -2.954618e-01
7.290039e-01 -2.247314e-01 6.469727e-01 4.593252e-01 1.679688e-01 9.746094e-01 1.492920e-01 1.495337e-02 -6.635742e-01 -1.434088e-04 7.480469e-01 -3.002179e-01
7.246094e-01 -2.258301e-01 6.513672e-01 4.626448e-01 1.690674e-01 9.741211e-01 1.497803e-01 1.615648e-02 -6.684570e-01 1.615524e-03 7.436523e-01 -3.049204e-01
7.207031e-01 -2.274170e-01 6.552734e-01 4.659053e-01 1.697998e-01 9.736328e-01 1.513672e-01 1.726299e-02 -6.723633e-01 2.126694e-03 7.402344e-01 -3.095355e-01
7.187500e-01 -2.293701e-01 6.562500e-01 4.692148e-01 1.718750e-01 9.731445e-01 1.518555e-01 1.828887e-02 -6.738281e-01 3.681183e-03 7.387695e-01 -3.140073e-01
7.158203e-01 -2.307129e-01 6.591797e-01 4.726225e-01 1.738281e-01 9.731445e-01 1.519775e-01 1.921293e-02 -6.762695e-01 5.825043e-03 7.363281e-01 -3.182822e-01
7.124023e-01 -2.333984e-01 6.616211e-01 4.760862e-01 1.759033e-01 9.721680e-01 1.536865e-01 1.995396e-02 -6.791992e-01 6.900787e-03 7.338867e-01 -3.222998e-01
7.280273e-01 -2.298584e-01 6.459961e-01 4.792407e-01 1.745605e-01 9.731445e-01 1.496582e-01 2.043251e-02 -6.630859e-01 3.870010e-03 7.485352e-01 -3.258656e-01
7.114258e-01 -2.365723e-01 6.621094e-01 4.815054e-01 1.723633e-01 9.716797e-01 1.621094e-01 2.068942e-02 -6.816406e-01 -1.184464e-03 7.319336e-01 -3.287297e-01
7.207031e-01 -2.338867e-01 6.523438e-01 4.831375e-01 1.730957e-01 9.721680e-01 1.574707e-01 2.106360e-02 -6.713867e-01 -5.326271e-04 7.412109e-01 -3.311692e-01
7.226562e-01 -2.318115e-01 6.513672e-01 4.842061e-01 1.729736e-01 9.726562e-01 1.542969e-01 2.149552e-02 -6.689453e-01 1.133919e-03 7.431641e-01 -3.333139e-01
7.255859e-01 -2.336426e-01 6.469727e-01 4.848570e-01 1.732178e-01 9.721680e-01 1.568604e-01 2.183964e-02 -6.660156e-01 -1.768112e-03 7.460938e-01 -3.352700e-01
7.260742e-01 -2.362061e-01 6.459961e-01 4.853542e-01 1.729736e-01 9.716797e-01 1.610107e-01 2.221819e-02 -6.655273e-01 -5.180359e-03 7.465820e-01 -3.371474e-01
7.304688e-01 -2.312012e-01 6.425781e-01 4.860223e-01 1.729736e-01 9.731445e-01 1.534424e-01 2.280738e-02 -6.606445e-01 -9.088516e-04 7.504883e-01 -3.391138e-01
7.333984e-01 -2.307129e-01 6.396484e-01 4.870930e-01 1.728516e-01 9.731445e-01 1.528320e-01 2.353175e-02 -6.577148e-01 -1.466751e-03 7.534180e-01 -3.412916e-01
7.358398e-01 -2.286377e-01 6.372070e-01 4.887289e-01 1.723633e-01 9.736328e-01 1.502686e-01 2.435179e-02 -6.547852e-01 -7.486343e-04 7.558594e-01 -3.437630e-01
7.387695e-01 -2.274170e-01 6.342773e-01 4.909241e-01 1.726074e-01 9.736328e-01 1.481934e-01 2.523415e-02 -6.513672e-01 4.881620e-05 7.587891e-01 -3.465097e-01
7.534180e-01 -2.220459e-01 6.186523e-01 4.932588e-01 1.715088e-01 9.750977e-01 1.409912e-01 2.606074e-02 -6.347656e-01 -1.256466e-04 7.729492e-01 -3.492149e-01
7.543945e-01 -2.221680e-01 6.176758e-01 4.949560e-01 1.722412e-01 9.750977e-01 1.403809e-01 2.661970e-02 -6.333008e-01 5.607605e-04 7.739258e-01 -3.512419e-01
7.553711e-01 -2.213135e-01 6.166992e-01 4.957172e-01 1.721191e-01 9.750977e-01 1.390381e-01 2.684634e-02 -6.323242e-01 1.159668e-03 7.749023e-01 -3.523687e-01
7.553711e-01 -2.214355e-01 6.166992e-01 4.956375e-01 1.721191e-01 9.750977e-01 1.394043e-01 2.677813e-02 -6.323242e-01 7.581711e-04 7.749023e-01 -3.527351e-01
7.534180e-01 -2.232666e-01 6.181641e-01 4.950098e-01 1.726074e-01 9.746094e-01 1.416016e-01 2.652974e-02 -6.342773e-01 4.100800e-05 7.729492e-01 -3.525390e-01
7.539062e-01 -2.227783e-01 6.181641e-01 4.941714e-01 1.716309e-01 9.750977e-01 1.420898e-01 2.624837e-02 -6.342773e-01 -1.063347e-03 7.729492e-01 -3.519519e-01
7.529297e-01 -2.225342e-01 6.196289e-01 4.933681e-01 1.711426e-01 9.750977e-01 1.423340e-01 2.604116e-02 -6.357422e-01 -1.109123e-03 7.719727e-01 -3.512011e-01
7.524414e-01 -2.222900e-01 6.196289e-01 4.927704e-01 1.708984e-01 9.750977e-01 1.422119e-01 2.595259e-02 -6.357422e-01 -1.128197e-03 7.719727e-01 -3.505194e-01
7.534180e-01 -2.220459e-01 6.186523e-01 4.924189e-01 1.706543e-01 9.750977e-01 1.419678e-01 2.597104e-02 -6.347656e-01 -1.372337e-03 7.724609e-01 -3.500356e-01
7.524414e-01 -2.214355e-01 6.206055e-01 4.922456e-01 1.705322e-01 9.750977e-01 1.412354e-01 2.605168e-02 -6.362305e-01 -5.078316e-04 7.714844e-01 -3.497700e-01
7.524414e-01 -2.204590e-01 6.206055e-01 4.921620e-01 1.700439e-01 9.755859e-01 1.402588e-01 2.612223e-02 -6.362305e-01 7.432699e-05 7.714844e-01 -3.496799e-01
7.529297e-01 -2.203369e-01 6.201172e-01 4.920409e-01 1.699219e-01 9.755859e-01 1.402588e-01 2.612086e-02 -6.357422e-01 -2.399683e-04 7.714844e-01 -3.497033e-01
7.529297e-01 -2.203369e-01 6.201172e-01 4.917069e-01 1.697998e-01 9.755859e-01 1.403809e-01 2.600883e-02 -6.357422e-01 -3.745556e-04 7.719727e-01 -3.497737e-01
7.534180e-01 -2.204590e-01 6.196289e-01 4.909908e-01 1.696777e-01 9.755859e-01 1.407471e-01 2.575765e-02 -6.352539e-01 -9.050369e-04 7.724609e-01 -3.498209e-01
7.548828e-01 -2.194824e-01 6.181641e-01 4.898762e-01 1.694336e-01 9.755859e-01 1.395264e-01 2.537417e-02 -6.337891e-01 -5.130768e-04 7.734375e-01 -3.498076e-01
7.387695e-01 -2.264404e-01 6.342773e-01 4.887044e-01 1.663818e-01 9.741211e-01 1.539307e-01 2.499299e-02 -6.528320e-01 -8.186340e-03 7.573242e-01 -3.497360e-01
7.509766e-01 -2.213135e-01 6.220703e-01 4.881077e-01 1.695557e-01 9.750977e-01 1.423340e-01 2.488735e-02 -6.376953e-01 -1.484871e-03 7.700195e-01 -3.496602e-01
7.431641e-01 -2.246094e-01 6.298828e-01 4.880130e-01 1.683350e-01 9.746094e-01 1.488037e-01 2.495244e-02 -6.474609e-01 -4.554749e-03 7.622070e-01 -3.496630e-01
7.446289e-01 -2.236328e-01 6.289062e-01 4.884165e-01 1.690674e-01 9.746094e-01 1.463623e-01 2.513752e-02 -6.455078e-01 -2.653122e-03 7.636719e-01 -3.497473e-01
7.529297e-01 -2.203369e-01 6.201172e-01 4.890258e-01 1.690674e-01 9.755859e-01 1.412354e-01 2.531414e-02 -6.362305e-01 -1.447678e-03 7.714844e-01 -3.498885e-01
7.519531e-01 -2.198486e-01 6.210938e-01 4.893309e-01 1.685791e-01 9.755859e-01 1.411133e-01 2.534895e-02 -6.372070e-01 -1.368523e-03 7.709961e-01 -3.500759e-01
7.441406e-01 -2.214355e-01 6.303711e-01 4.893427e-01 1.672363e-01 9.750977e-01 1.452637e-01 2.528646e-02 -6.464844e-01 -2.738953e-03 7.626953e-01 -3.502671e-01
7.412109e-01 -2.227783e-01 6.328125e-01 4.894667e-01 1.666260e-01 9.750977e-01 1.478271e-01 2.529816e-02 -6.499023e-01 -4.131317e-03 7.597656e-01 -3.504178e-01
7.529297e-01 -2.196045e-01 6.206055e-01 4.896569e-01 1.688232e-01 9.755859e-01 1.403809e-01 2.538927e-02 -6.362305e-01 -8.525848e-04 7.714844e-01 -3.505319e-01
7.495117e-01 -2.197266e-01 6.240234e-01 4.892611e-01 1.688232e-01 9.755859e-01 1.407471e-01 2.527503e-02 -6.401367e-01 -1.939535e-04 7.685547e-01 -3.506750e-01
7.490234e-01 -2.202148e-01 6.250000e-01 4.879594e-01 1.687012e-01 9.755859e-01 1.414795e-01 2.472993e-02 -6.406250e-01 -5.693436e-04 7.675781e-01 -3.508408e-01
7.416992e-01 -2.227783e-01 6.323242e-01 4.858066e-01 1.672363e-01 9.750977e-01 1.472168e-01 2.371686e-02 -6.494141e-01 -3.438950e-03 7.602539e-01 -3.509538e-01
7.348633e-01 -2.259521e-01 6.391602e-01 4.832903e-01 1.660156e-01 9.741211e-01 1.534424e-01 2.242854e-02 -6.572266e-01 -6.626129e-03 7.534180e-01 -3.508959e-01
7.304688e-01 -2.286377e-01 6.435547e-01 4.809945e-01 1.666260e-01 9.736328e-01 1.567383e-01 2.115078e-02 -6.625977e-01 -7.202148e-03 7.490234e-01 -3.506138e-01
7.260742e-01 -2.336426e-01 6.469727e-01 4.793386e-01 1.658936e-01 9.721680e-01 1.649170e-01 2.015367e-02 -6.674805e-01 -1.245117e-02 7.446289e-01 -3.501612e-01
7.255859e-01 -2.309570e-01 6.479492e-01 4.785476e-01 1.658936e-01 9.731445e-01 1.610107e-01 1.967606e-02 -6.679688e-01 -9.307861e-03 7.441406e-01 -3.497132e-01
7.231445e-01 -2.344971e-01 6.494141e-01 4.786866e-01 1.691895e-01 9.721680e-01 1.625977e-01 1.973077e-02 -6.694336e-01 -7.778168e-03 7.426758e-01 -3.493968e-01
7.304688e-01 -2.314453e-01 6.425781e-01 4.796008e-01 1.682129e-01 9.726562e-01 1.590576e-01 2.023692e-02 -6.621094e-01 -8.079529e-03 7.495117e-01 -3.492872e-01
7.363281e-01 -2.220459e-01 6.391602e-01 4.807829e-01 1.658936e-01 9.750977e-01 1.477051e-01 2.099294e-02 -6.562500e-01 -2.683640e-03 7.548828e-01 -3.493380e-01
7.377930e-01 -2.205811e-01 6.381836e-01 4.818152e-01 1.661377e-01 9.755859e-01 1.450195e-01 2.168489e-02 -6.542969e-01 -9.298325e-04 7.563477e-01 -3.494183e-01
7.397461e-01 -2.203369e-01 6.357422e-01 4.825812e-01 1.658936e-01 9.755859e-01 1.450195e-01 2.216799e-02 -6.518555e-01 -1.802444e-03 7.583008e-01 -3.494092e-01
7.343750e-01 -2.207031e-01 6.416016e-01 4.831719e-01 1.656494e-01 9.755859e-01 1.457520e-01 2.244807e-02 -6.582031e-01 -7.762909e-04 7.529297e-01 -3.492314e-01
7.475586e-01 -2.148438e-01 6.284180e-01 4.836701e-01 1.673584e-01 9.765625e-01 1.347656e-01 2.248721e-02 -6.425781e-01 4.402161e-03 7.661133e-01 -3.488959e-01
7.465820e-01 -2.150879e-01 6.298828e-01 4.837827e-01 1.658936e-01 9.765625e-01 1.368408e-01 2.214289e-02 -6.445312e-01 2.368927e-03 7.646484e-01 -3.484042e-01
7.431641e-01 -2.163086e-01 6.328125e-01 4.835241e-01 1.657715e-01 9.765625e-01 1.389160e-01 2.152711e-02 -6.479492e-01 1.678467e-03 7.617188e-01 -3.477936e-01
7.441406e-01 -2.135010e-01 6.328125e-01 4.831516e-01 1.650391e-01 9.770508e-01 1.353760e-01 2.085027e-02 -6.474609e-01 3.768921e-03 7.622070e-01 -3.471519e-01
7.485352e-01 -2.106934e-01 6.289062e-01 4.827603e-01 1.651611e-01 9.775391e-01 1.308594e-01 2.021725e-02 -6.425781e-01 5.920410e-03 7.666016e-01 -3.465223e-01
7.480469e-01 -2.103271e-01 6.293945e-01 4.823418e-01 1.641846e-01 9.775391e-01 1.314697e-01 1.967998e-02 -6.430664e-01 5.035400e-03 7.656250e-01 -3.458756e-01
7.490234e-01 -2.059326e-01 6.298828e-01 4.819987e-01 1.635742e-01 9.785156e-01 1.253662e-01 1.932058e-02 -6.420898e-01 9.078979e-03 7.666016e-01 -3.452079e-01
7.504883e-01 -2.047119e-01 6.279297e-01 4.818415e-01 1.646729e-01 9.785156e-01 1.221313e-01 1.911694e-02 -6.396484e-01 1.177979e-02 7.685547e-01 -3.445635e-01
7.534180e-01 -2.021484e-01 6.254883e-01 4.819276e-01 1.651611e-01 9.790039e-01 1.175537e-01 1.896786e-02 -6.362305e-01 1.473999e-02 7.709961e-01 -3.439468e-01
7.563477e-01 -1.986084e-01 6.230469e-01 4.822498e-01 1.630859e-01 9.799805e-01 1.142578e-01 1.877895e-02 -6.333008e-01 1.523590e-02 7.739258e-01 -3.432977e-01
7.602539e-01 -1.951904e-01 6.196289e-01 4.828165e-01 1.619873e-01 9.804688e-01 1.101074e-01 1.854035e-02 -6.293945e-01 1.667786e-02 7.768555e-01 -3.425455e-01
7.631836e-01 -1.910400e-01 6.171875e-01 4.836204e-01 1.590576e-01 9.814453e-01 1.071777e-01 1.829696e-02 -6.264648e-01 1.638794e-02 7.792969e-01 -3.416564e-01
7.675781e-01 -1.884766e-01 6.127930e-01 4.846469e-01 1.585693e-01 9.819336e-01 1.034546e-01 1.812558e-02 -6.210938e-01 1.776123e-02 7.836914e-01 -3.406030e-01
7.709961e-01 -1.862793e-01 6.088867e-01 4.858396e-01 1.572266e-01 9.824219e-01 1.015625e-01 1.805813e-02 -6.171875e-01 1.744080e-02 7.866211e-01 -3.394274e-01
7.763672e-01 -1.835938e-01 6.030273e-01 4.871154e-01 1.569824e-01 9.829102e-01 9.710693e-02 1.808752e-02 -6.103516e-01 1.927185e-02 7.919922e-01 -3.381976e-01
7.792969e-01 -1.839600e-01 5.986328e-01 4.883161e-01 1.584473e-01 9.829102e-01 9.576416e-02 1.813405e-02 -6.059570e-01 2.018738e-02 7.954102e-01 -3.370036e-01
7.827148e-01 -1.822510e-01 5.952148e-01 4.893759e-01 1.572266e-01 9.829102e-01 9.436035e-02 1.812912e-02 -6.020508e-01 1.963806e-02 7.983398e-01 -3.358939e-01
7.856445e-01 -1.817627e-01 5.913086e-01 4.902824e-01 1.577148e-01 9.829102e-01 9.265137e-02 1.806411e-02 -5.981445e-01 2.041626e-02 8.012695e-01 -3.348736e-01
7.885742e-01 -1.804199e-01 5.878906e-01 4.910507e-01 1.571045e-01 9.833984e-01 9.094238e-02 1.794708e-02 -5.947266e-01 2.067566e-02 8.037109e-01 -3.339497e-01
7.915039e-01 -1.791992e-01 5.839844e-01 4.916993e-01 1.566162e-01 9.833984e-01 8.947754e-02 1.780250e-02 -5.908203e-01 2.064514e-02 8.066406e-01 -3.331127e-01
7.939453e-01 -1.779785e-01 5.815430e-01 4.922191e-01 1.560059e-01 9.838867e-01 8.813477e-02 1.765095e-02 -5.878906e-01 2.078247e-02 8.085938e-01 -3.323590e-01
7.958984e-01 -1.765137e-01 5.791016e-01 4.926174e-01 1.551514e-01 9.838867e-01 8.673096e-02 1.750935e-02 -5.849609e-01 2.085876e-02 8.105469e-01 -3.316972e-01
7.978516e-01 -1.759033e-01 5.766602e-01 4.929391e-01 1.552734e-01 9.843750e-01 8.538818e-02 1.738189e-02 -5.825195e-01 2.143860e-02 8.125000e-01 -3.311203e-01
7.993164e-01 -1.751709e-01 5.747070e-01 4.932342e-01 1.545410e-01 9.843750e-01 8.502197e-02 1.726073e-02 -5.805664e-01 2.082825e-02 8.139648e-01 -3.305910e-01
8.012695e-01 -1.749268e-01 5.722656e-01 4.935406e-01 1.545410e-01 9.843750e-01 8.459473e-02 1.714358e-02 -5.781250e-01 2.064514e-02 8.159180e-01 -3.300724e-01
8.027344e-01 -1.743164e-01 5.703125e-01 4.938647e-01 1.542969e-01 9.843750e-01 8.374023e-02 1.701874e-02 -5.756836e-01 2.072144e-02 8.173828e-01 -3.295529e-01
8.046875e-01 -1.734619e-01 5.678711e-01 4.941936e-01 1.535645e-01 9.848633e-01 8.300781e-02 1.688152e-02 -5.737305e-01 2.043152e-02 8.188477e-01 -3.290349e-01
8.066406e-01 -1.724854e-01 5.654297e-01 4.944859e-01 1.530762e-01 9.848633e-01 8.203125e-02 1.673603e-02 -5.712891e-01 2.037048e-02 8.208008e-01 -3.285140e-01
8.085938e-01 -1.719971e-01 5.629883e-01 4.946806e-01 1.528320e-01 9.848633e-01 8.142090e-02 1.657624e-02 -5.683594e-01 2.017212e-02 8.227539e-01 -3.280041e-01
8.100586e-01 -1.715088e-01 5.610352e-01 4.947142e-01 1.524658e-01 9.848633e-01 8.093262e-02 1.639278e-02 -5.664062e-01 2.000427e-02 8.237305e-01 -3.275358e-01
8.105469e-01 -1.713867e-01 5.600586e-01 4.945593e-01 1.520996e-01 9.848633e-01 8.117676e-02 1.618780e-02 -5.654297e-01 1.940918e-02 8.242188e-01 -3.271184e-01
8.110352e-01 -1.705322e-01 5.595703e-01 4.942546e-01 1.517334e-01 9.853516e-01 8.050537e-02 1.596873e-02 -5.649414e-01 1.960754e-02 8.247070e-01 -3.267467e-01
8.110352e-01 -1.705322e-01 5.595703e-01 4.938658e-01 1.513672e-01 9.853516e-01 8.099365e-02 1.574762e-02 -5.649414e-01 1.893616e-02 8.247070e-01 -3.263935e-01
8.115234e-01 -1.697998e-01 5.585938e-01 4.934632e-01 1.507568e-01 9.853516e-01 8.044434e-02 1.554289e-02 -5.644531e-01 1.895142e-02 8.251953e-01 -3.260182e-01
8.125000e-01 -1.693115e-01 5.576172e-01 4.930895e-01 1.506348e-01 9.853516e-01 7.971191e-02 1.535807e-02 -5.629883e-01 1.921082e-02 8.261719e-01 -3.256204e-01
8.129883e-01 -1.689453e-01 5.566406e-01 4.927517e-01 1.502686e-01 9.853516e-01 7.965088e-02 1.518611e-02 -5.620117e-01 1.889038e-02 8.266602e-01 -3.252642e-01
8.134766e-01 -1.688232e-01 5.566406e-01 4.924491e-01 1.502686e-01 9.853516e-01 7.928467e-02 1.502597e-02 -5.620117e-01 1.919556e-02 8.271484e-01 -3.250274e-01
8.139648e-01 -1.688232e-01 5.556641e-01 4.921962e-01 1.502686e-01 9.853516e-01 7.916260e-02 1.487794e-02 -5.610352e-01 1.907349e-02 8.276367e-01 -3.249375e-01
8.139648e-01 -1.693115e-01 5.556641e-01 4.920276e-01 1.501465e-01 9.853516e-01 8.020020e-02 1.475044e-02 -5.610352e-01 1.818848e-02 8.276367e-01 -3.249721e-01
8.139648e-01 -1.693115e-01 5.551758e-01 4.919553e-01 1.502686e-01 9.853516e-01 8.013916e-02 1.465135e-02 -5.610352e-01 1.818848e-02 8.276367e-01 -3.250518e-01
8.154297e-01 -1.702881e-01 5.537109e-01 4.919469e-01 1.507568e-01 9.853516e-01 8.105469e-02 1.457627e-02 -5.590820e-01 1.737976e-02 8.286133e-01 -3.250896e-01
8.144531e-01 -1.691895e-01 5.551758e-01 4.919381e-01 1.499023e-01 9.853516e-01 8.032227e-02 1.452796e-02 -5.610352e-01 1.782227e-02 8.276367e-01 -3.250337e-01
8.144531e-01 -1.687012e-01 5.551758e-01 4.919209e-01 1.496582e-01 9.853516e-01 7.989502e-02 1.451479e-02 -5.605469e-01 1.799011e-02 8.281250e-01 -3.248926e-01
8.144531e-01 -1.687012e-01 5.556641e-01 4.919195e-01 1.497803e-01 9.853516e-01 7.971191e-02 1.454044e-02 -5.610352e-01 1.832581e-02 8.276367e-01 -3.246963e-01
8.149414e-01 -1.678467e-01 5.546875e-01 4.919564e-01 1.495361e-01 9.858398e-01 7.855225e-02 1.459898e-02 -5.600586e-01 1.895142e-02 8.286133e-01 -3.244701e-01
8.149414e-01 -1.676025e-01 5.551758e-01 4.920254e-01 1.495361e-01 9.858398e-01 7.806396e-02 1.467753e-02 -5.600586e-01 1.937866e-02 8.281250e-01 -3.242403e-01
8.149414e-01 -1.672363e-01 5.546875e-01 4.921471e-01 1.492920e-01 9.858398e-01 7.775879e-02 1.477103e-02 -5.595703e-01 1.939392e-02 8.286133e-01 -3.240307e-01
8.154297e-01 -1.673584e-01 5.541992e-01 4.923254e-01 1.500244e-01 9.858398e-01 7.696533e-02 1.486341e-02 -5.590820e-01 2.035522e-02 8.291016e-01 -3.238587e-01
8.159180e-01 -1.671143e-01 5.532227e-01 4.925544e-01 1.495361e-01 9.858398e-01 7.720947e-02 1.492975e-02 -5.585938e-01 1.974487e-02 8.291016e-01 -3.237510e-01
8.178711e-01 -1.691895e-01 5.498047e-01 4.927962e-01 1.519775e-01 9.853516e-01 7.714844e-02 1.495209e-02 -5.551758e-01 2.046204e-02 8.315430e-01 -3.236707e-01
8.193359e-01 -1.666260e-01 5.483398e-01 4.929578e-01 1.488037e-01 9.858398e-01 7.720947e-02 1.490700e-02 -5.532227e-01 1.826477e-02 8.325195e-01 -3.235574e-01
8.168945e-01 -1.667480e-01 5.517578e-01 4.930092e-01 1.492920e-01 9.858398e-01 7.690430e-02 1.483301e-02 -5.566406e-01 1.957703e-02 8.305664e-01 -3.234195e-01
8.173828e-01 -1.665039e-01 5.517578e-01 4.930061e-01 1.489258e-01 9.858398e-01 7.696533e-02 1.475583e-02 -5.566406e-01 1.930237e-02 8.305664e-01 -3.233192e-01
8.178711e-01 -1.665039e-01 5.507812e-01 4.929834e-01 1.488037e-01 9.858398e-01 7.714844e-02 1.469062e-02 -5.561523e-01 1.890564e-02 8.310547e-01 -3.232807e-01
8.183594e-01 -1.669922e-01 5.502930e-01 4.929537e-01 1.491699e-01 9.858398e-01 7.733154e-02 1.464290e-02 -5.551758e-01 1.882935e-02 8.315430e-01 -3.233088e-01
8.178711e-01 -1.671143e-01 5.502930e-01 4.929402e-01 1.491699e-01 9.858398e-01 7.751465e-02 1.460690e-02 -5.556641e-01 1.870728e-02 8.310547e-01 -3.233849e-01
8.183594e-01 -1.671143e-01 5.498047e-01 4.929882e-01 1.490479e-01 9.858398e-01 7.775879e-02 1.458071e-02 -5.551758e-01 1.834106e-02 8.315430e-01 -3.234428e-01
8.188477e-01 -1.673584e-01 5.488281e-01 4.931011e-01 1.495361e-01 9.858398e-01 7.739258e-02 1.455979e-02 -5.541992e-01 1.876831e-02 8.320312e-01 -3.234328e-01
8.188477e-01 -1.668701e-01 5.488281e-01 4.932460e-01 1.486816e-01 9.858398e-01 7.781982e-02 1.453510e-02 -5.541992e-01 1.791382e-02 8.320312e-01 -3.233301e-01
8.193359e-01 -1.665039e-01 5.488281e-01 4.934052e-01 1.484375e-01 9.858398e-01 7.751465e-02 1.452515e-02 -5.537109e-01 1.791382e-02 8.325195e-01 -3.231516e-01
8.198242e-01 -1.663818e-01 5.478516e-01 4.935724e-01 1.483154e-01 9.858398e-01 7.751465e-02 1.454262e-02 -5.532227e-01 1.771545e-02 8.330078e-01 -3.229417e-01
8.198242e-01 -1.657715e-01 5.483398e-01 4.937595e-01 1.480713e-01 9.858398e-01 7.678223e-02 1.458882e-02 -5.532227e-01 1.824951e-02 8.325195e-01 -3.227509e-01
8.203125e-01 -1.658936e-01 5.473633e-01 4.939776e-01 1.481934e-01 9.858398e-01 7.666016e-02 1.464844e-02 -5.527344e-01 1.824951e-02 8.334961e-01 -3.226283e-01
8.208008e-01 -1.656494e-01 5.468750e-01 4.941906e-01 1.483154e-01 9.858398e-01 7.623291e-02 1.469390e-02 -5.517578e-01 1.850891e-02 8.339844e-01 -3.225526e-01
8.208008e-01 -1.654053e-01 5.468750e-01 4.943555e-01 1.480713e-01 9.858398e-01 7.604980e-02 1.470076e-02 -5.517578e-01 1.847839e-02 8.339844e-01 -3.224830e-01
8.212891e-01 -1.654053e-01 5.458984e-01 4.944665e-01 1.478271e-01 9.858398e-01 7.641602e-02 1.467057e-02 -5.512695e-01 1.795959e-02 8.339844e-01 -3.223941e-01
8.212891e-01 -1.654053e-01 5.458984e-01 4.945433e-01 1.477051e-01 9.858398e-01 7.659912e-02 1.462719e-02 -5.507812e-01 1.771545e-02 8.344727e-01 -3.222732e-01
8.212891e-01 -1.651611e-01 5.458984e-01 4.946176e-01 1.474609e-01 9.863281e-01 7.653809e-02 1.459141e-02 -5.507812e-01 1.762390e-02 8.344727e-01 -3.221239e-01
8.222656e-01 -1.646729e-01 5.449219e-01 4.947074e-01 1.472168e-01 9.863281e-01 7.586670e-02 1.456863e-02 -5.498047e-01 1.786804e-02 8.349609e-01 -3.219540e-01
8.222656e-01 -1.640625e-01 5.444336e-01 4.948089e-01 1.472168e-01 9.863281e-01 7.464600e-02 1.454582e-02 -5.493164e-01 1.878357e-02 8.354492e-01 -3.217809e-01
8.232422e-01 -1.640625e-01 5.434570e-01 4.949150e-01 1.468506e-01 9.863281e-01 7.525635e-02 1.450603e-02 -5.483398e-01 1.789856e-02 8.359375e-01 -3.216289e-01
8.237305e-01 -1.640625e-01 5.429688e-01 4.949906e-01 1.469727e-01 9.863281e-01 7.513428e-02 1.446044e-02 -5.478516e-01 1.789856e-02 8.364258e-01 -3.215308e-01
8.237305e-01 -1.645508e-01 5.424805e-01 4.950141e-01 1.468506e-01 9.863281e-01 7.617188e-02 1.442231e-02 -5.473633e-01 1.693726e-02 8.364258e-01 -3.214965e-01
8.237305e-01 -1.646729e-01 5.429688e-01 4.949862e-01 1.470947e-01 9.863281e-01 7.598877e-02 1.441156e-02 -5.478516e-01 1.725769e-02 8.364258e-01 -3.215179e-01
8.232422e-01 -1.651611e-01 5.429688e-01 4.949208e-01 1.475830e-01 9.863281e-01 7.617188e-02 1.442684e-02 -5.478516e-01 1.742554e-02 8.364258e-01 -3.215612e-01
8.232422e-01 -1.652832e-01 5.429688e-01 4.948428e-01 1.477051e-01 9.863281e-01 7.629395e-02 1.445271e-02 -5.478516e-01 1.737976e-02 8.364258e-01 -3.216090e-01
8.232422e-01 -1.655273e-01 5.429688e-01 4.947719e-01 1.480713e-01 9.858398e-01 7.629395e-02 1.447074e-02 -5.478516e-01 1.756287e-02 8.364258e-01 -3.216626e-01
8.237305e-01 -1.651611e-01 5.424805e-01 4.947194e-01 1.474609e-01 9.863281e-01 7.629395e-02 1.447015e-02 -5.478516e-01 1.721191e-02 8.364258e-01 -3.217191e-01
8.232422e-01 -1.652832e-01 5.429688e-01 4.946605e-01 1.477051e-01 9.858398e-01 7.623291e-02 1.445151e-02 -5.478516e-01 1.739502e-02 8.364258e-01 -3.217413e-01
8.232422e-01 -1.654053e-01 5.434570e-01 4.945937e-01 1.478271e-01 9.858398e-01 7.623291e-02 1.441382e-02 -5.483398e-01 1.751709e-02 8.359375e-01 -3.217247e-01
8.232422e-01 -1.650391e-01 5.429688e-01 4.945394e-01 1.474609e-01 9.863281e-01 7.629395e-02 1.436527e-02 -5.483398e-01 1.728821e-02 8.359375e-01 -3.216814e-01
8.232422e-01 -1.651611e-01 5.429688e-01 4.944987e-01 1.474609e-01 9.863281e-01 7.635498e-02 1.432208e-02 -5.483398e-01 1.724243e-02 8.359375e-01 -3.216166e-01
8.232422e-01 -1.650391e-01 5.434570e-01 4.944469e-01 1.470947e-01 9.863281e-01 7.666016e-02 1.429363e-02 -5.488281e-01 1.679993e-02 8.359375e-01 -3.215344e-01
8.232422e-01 -1.654053e-01 5.434570e-01 4.943599e-01 1.475830e-01 9.858398e-01 7.666016e-02 1.427568e-02 -5.483398e-01 1.707458e-02 8.359375e-01 -3.214384e-01
8.227539e-01 -1.656494e-01 5.434570e-01 4.942431e-01 1.479492e-01 9.858398e-01 7.647705e-02 1.424781e-02 -5.483398e-01 1.745605e-02 8.359375e-01 -3.213580e-01
8.227539e-01 -1.652832e-01 5.439453e-01 4.941359e-01 1.474609e-01 9.863281e-01 7.659912e-02 1.419939e-02 -5.488281e-01 1.715088e-02 8.354492e-01 -3.213257e-01
8.222656e-01 -1.651611e-01 5.444336e-01 4.940428e-01 1.472168e-01 9.863281e-01 7.684326e-02 1.413978e-02 -5.498047e-01 1.693726e-02 8.354492e-01 -3.213380e-01
8.222656e-01 -1.651611e-01 5.449219e-01 4.939477e-01 1.470947e-01 9.863281e-01 7.696533e-02 1.407896e-02 -5.498047e-01 1.689148e-02 8.349609e-01 -3.213671e-01
8.217773e-01 -1.651611e-01 5.454102e-01 4.938238e-01 1.469727e-01 9.863281e-01 7.714844e-02 1.402240e-02 -5.502930e-01 1.673889e-02 8.349609e-01 -3.214022e-01
8.212891e-01 -1.650391e-01 5.458984e-01 4.936609e-01 1.468506e-01 9.863281e-01 7.727051e-02 1.397160e-02 -5.507812e-01 1.667786e-02 8.344727e-01 -3.214367e-01
8.208008e-01 -1.654053e-01 5.463867e-01 4.934677e-01 1.470947e-01 9.863281e-01 7.745361e-02 1.392465e-02 -5.517578e-01 1.681519e-02 8.339844e-01 -3.214701e-01
