9.741211e-01 -1.998901e-02 2.250977e-01 -2.306393e-01 2.278137e-02 9.995117e-01 -9.826660e-03 -7.314096e-02 -2.247314e-01 1.470184e-02 9.741211e-01 2.434377e-01
9.711914e-01 -2.186584e-02 2.373047e-01 -2.324841e-01 2.473450e-02 9.995117e-01 -9.124756e-03 -7.288791e-02 -2.370605e-01 1.472473e-02 9.711914e-01 2.444886e-01
9.677734e-01 -2.359009e-02 2.509766e-01 -2.372425e-01 2.639771e-02 9.995117e-01 -7.827759e-03 -7.240475e-02 -2.507324e-01 1.420593e-02 9.677734e-01 2.471653e-01
9.638672e-01 -2.511597e-02 2.644043e-01 -2.436753e-01 2.783203e-02 9.995117e-01 -6.538391e-03 -7.196380e-02 -2.641602e-01 1.366425e-02 9.643555e-01 2.515917e-01
9.599609e-01 -2.644348e-02 2.792969e-01 -2.508582e-01 2.899170e-02 9.995117e-01 -4.985809e-03 -7.171503e-02 -2.790527e-01 1.288605e-02 9.599609e-01 2.580755e-01
9.555664e-01 -2.764893e-02 2.939453e-01 -2.582350e-01 3.009033e-02 9.995117e-01 -3.807068e-03 -7.176545e-02 -2.937012e-01 1.248169e-02 9.560547e-01 2.666957e-01
9.506836e-01 -2.983093e-02 3.085938e-01 -2.656547e-01 3.240967e-02 9.995117e-01 -3.246307e-03 -7.222077e-02 -3.083496e-01 1.308441e-02 9.511719e-01 2.772555e-01
9.453125e-01 -3.056335e-02 3.244629e-01 -2.733544e-01 3.314209e-02 9.995117e-01 -2.403259e-03 -7.315494e-02 -3.242188e-01 1.302338e-02 9.458008e-01 2.890224e-01
9.399414e-01 -3.454590e-02 3.400879e-01 -2.815711e-01 3.713989e-02 9.995117e-01 -1.118660e-03 -7.440231e-02 -3.398438e-01 1.367950e-02 9.404297e-01 3.009077e-01
9.335938e-01 -3.387451e-02 3.569336e-01 -2.905826e-01 3.616333e-02 9.995117e-01 2.758503e-04 -7.546368e-02 -3.566895e-01 1.264954e-02 9.340820e-01 3.113580e-01
9.272461e-01 -3.536987e-02 3.728027e-01 -3.000570e-01 3.771973e-02 9.995117e-01 1.014709e-03 -7.582711e-02 -3.725586e-01 1.311493e-02 9.277344e-01 3.196460e-01
9.208984e-01 -3.701782e-02 3.884277e-01 -3.097096e-01 3.955078e-02 9.990234e-01 1.469612e-03 -7.540819e-02 -3.881836e-01 1.401520e-02 9.213867e-01 3.258460e-01
9.140625e-01 -3.814697e-02 4.042969e-01 -3.192910e-01 4.089355e-02 9.990234e-01 1.882553e-03 -7.453679e-02 -4.040527e-01 1.480103e-02 9.145508e-01 3.306044e-01
9.067383e-01 -3.942871e-02 4.201660e-01 -3.289290e-01 4.254150e-02 9.990234e-01 1.962662e-03 -7.363029e-02 -4.199219e-01 1.609802e-02 9.072266e-01 3.337579e-01
8.989258e-01 -4.049683e-02 4.362793e-01 -3.390157e-01 4.421997e-02 9.990234e-01 1.652718e-03 -7.309227e-02 -4.357910e-01 1.780701e-02 8.999023e-01 3.344761e-01
8.906250e-01 -4.260254e-02 4.523926e-01 -3.500350e-01 4.678345e-02 9.990234e-01 1.966476e-03 -7.320766e-02 -4.519043e-01 1.940918e-02 8.920898e-01 3.315610e-01
8.818359e-01 -4.577637e-02 4.694824e-01 -3.621157e-01 5.035400e-02 9.985352e-01 2.817154e-03 -7.402352e-02 -4.689941e-01 2.114868e-02 8.828125e-01 3.242716e-01
8.725586e-01 -4.827881e-02 4.860840e-01 -3.747433e-01 5.270386e-02 9.985352e-01 4.547119e-03 -7.516275e-02 -4.855957e-01 2.165222e-02 8.740234e-01 3.136974e-01
8.627930e-01 -5.145264e-02 5.024414e-01 -3.870174e-01 5.603027e-02 9.985352e-01 6.000519e-03 -7.568157e-02 -5.019531e-01 2.297974e-02 8.642578e-01 3.040472e-01
8.530273e-01 -5.465698e-02 5.185547e-01 -3.977439e-01 5.947876e-02 9.980469e-01 7.328033e-03 -7.480361e-02 -5.180664e-01 2.459717e-02 8.549805e-01 2.999029e-01
8.432617e-01 -5.596924e-02 5.346680e-01 -4.062150e-01 6.106567e-02 9.980469e-01 8.186340e-03 -7.244446e-02 -5.341797e-01 2.574158e-02 8.452148e-01 3.027921e-01
8.334961e-01 -5.825806e-02 5.493164e-01 -4.127880e-01 6.396484e-02 9.980469e-01 8.804321e-03 -6.924504e-02 -5.488281e-01 2.780151e-02 8.354492e-01 3.098717e-01
8.242188e-01 -5.975342e-02 5.634766e-01 -4.183272e-01 6.573486e-02 9.975586e-01 9.689331e-03 -6.614729e-02 -5.625000e-01 2.905273e-02 8.261719e-01 3.179656e-01
8.144531e-01 -6.097412e-02 5.766602e-01 -4.235680e-01 6.713867e-02 9.975586e-01 1.065826e-02 -6.352281e-02 -5.761719e-01 3.005981e-02 8.168945e-01 3.257888e-01
8.051758e-01 -6.222534e-02 5.893555e-01 -4.289002e-01 6.854248e-02 9.975586e-01 1.162720e-02 -6.112549e-02 -5.888672e-01 3.106689e-02 8.076172e-01 3.339079e-01
7.963867e-01 -6.341553e-02 6.015625e-01 -4.345329e-01 6.994629e-02 9.975586e-01 1.262665e-02 -5.846767e-02 -6.010742e-01 3.201294e-02 7.988281e-01 3.432736e-01
7.875977e-01 -6.420898e-02 6.127930e-01 -4.406801e-01 7.080078e-02 9.975586e-01 1.349640e-02 -5.517217e-02 -6.118164e-01 3.274536e-02 7.900391e-01 3.540891e-01
7.788086e-01 -6.500244e-02 6.240234e-01 -4.475944e-01 7.189941e-02 9.970703e-01 1.423645e-02 -5.105118e-02 -6.235352e-01 3.378296e-02 7.812500e-01 3.656226e-01
7.695312e-01 -6.542969e-02 6.352539e-01 -4.551058e-01 7.263184e-02 9.970703e-01 1.475525e-02 -4.632592e-02 -6.342773e-01 3.479004e-02 7.724609e-01 3.759905e-01
7.617188e-01 -6.652832e-02 6.440430e-01 -4.631524e-01 7.391357e-02 9.970703e-01 1.554871e-02 -4.152131e-02 -6.435547e-01 3.576660e-02 7.646484e-01 3.833671e-01
7.543945e-01 -6.701660e-02 6.533203e-01 -4.717507e-01 7.409668e-02 9.970703e-01 1.675415e-02 -3.720129e-02 -6.523438e-01 3.576660e-02 7.568359e-01 3.881224e-01
7.465820e-01 -6.793213e-02 6.616211e-01 -4.807797e-01 7.470703e-02 9.970703e-01 1.808167e-02 -3.358205e-02 -6.606445e-01 3.591919e-02 7.495117e-01 3.912534e-01
7.392578e-01 -6.896973e-02 6.694336e-01 -4.899923e-01 7.525635e-02 9.970703e-01 1.953125e-02 -3.071535e-02 -6.689453e-01 3.594971e-02 7.421875e-01 3.938011e-01
7.314453e-01 -7.025146e-02 6.782227e-01 -4.991217e-01 7.623291e-02 9.970703e-01 2.104187e-02 -2.847644e-02 -6.772461e-01 3.628540e-02 7.348633e-01 3.963042e-01
7.246094e-01 -7.122803e-02 6.855469e-01 -5.080580e-01 7.702637e-02 9.965820e-01 2.218628e-02 -2.689474e-02 -6.850586e-01 3.674316e-02 7.275391e-01 3.986222e-01
7.167969e-01 -7.281494e-02 6.933594e-01 -5.168570e-01 7.836914e-02 9.965820e-01 2.359009e-02 -2.605357e-02 -6.928711e-01 3.744507e-02 7.202148e-01 4.010102e-01
7.094727e-01 -7.397461e-02 7.011719e-01 -5.253543e-01 7.922363e-02 9.965820e-01 2.503967e-02 -2.590779e-02 -7.006836e-01 3.778076e-02 7.128906e-01 4.043064e-01
7.021484e-01 -7.525635e-02 7.080078e-01 -5.333599e-01 7.983398e-02 9.965820e-01 2.671814e-02 -2.641907e-02 -7.075195e-01 3.778076e-02 7.055664e-01 4.092638e-01
6.948242e-01 -7.641602e-02 7.148438e-01 -5.409893e-01 8.032227e-02 9.965820e-01 2.845764e-02 -2.771658e-02 -7.143555e-01 3.762817e-02 6.987305e-01 4.164498e-01
6.879883e-01 -7.788086e-02 7.216797e-01 -5.484772e-01 8.081055e-02 9.960938e-01 3.047180e-02 -2.987611e-02 -7.211914e-01 3.738403e-02 6.914062e-01 4.259856e-01
6.796875e-01 -7.916260e-02 7.294922e-01 -5.558975e-01 7.861328e-02 9.960938e-01 3.491211e-02 -3.234961e-02 -7.294922e-01 3.359985e-02 6.831055e-01 4.368935e-01
6.733398e-01 -8.044434e-02 7.348633e-01 -5.630521e-01 8.026123e-02 9.960938e-01 3.552246e-02 -3.384205e-02 -7.348633e-01 3.506470e-02 6.772461e-01 4.476822e-01
6.660156e-01 -8.117676e-02 7.416992e-01 -5.697857e-01 7.983398e-02 9.960938e-01 3.735352e-02 -3.426104e-02 -7.416992e-01 3.433228e-02 6.699219e-01 4.591783e-01
6.586914e-01 -8.227539e-02 7.480469e-01 -5.761169e-01 8.056641e-02 9.960938e-01 3.857422e-02 -3.377694e-02 -7.480469e-01 3.485107e-02 6.625977e-01 4.724047e-01
6.508789e-01 -8.245850e-02 7.548828e-01 -5.820769e-01 7.952881e-02 9.960938e-01 4.025269e-02 -3.280895e-02 -7.548828e-01 3.381348e-02 6.547852e-01 4.875203e-01
6.425781e-01 -8.325195e-02 7.617188e-01 -5.876975e-01 7.958984e-02 9.960938e-01 4.171753e-02 -3.167094e-02 -7.622070e-01 3.381348e-02 6.464844e-01 5.030807e-01
6.352539e-01 -8.331299e-02 7.675781e-01 -5.931835e-01 7.818604e-02 9.960938e-01 4.336548e-02 -3.069549e-02 -7.685547e-01 3.247070e-02 6.391602e-01 5.164952e-01
6.279297e-01 -8.465576e-02 7.739258e-01 -5.990233e-01 7.769775e-02 9.960938e-01 4.595947e-02 -3.008800e-02 -7.744141e-01 3.128052e-02 6.318359e-01 5.260742e-01
6.191406e-01 -8.538818e-02 7.807617e-01 -6.052812e-01 7.684326e-02 9.960938e-01 4.797363e-02 -2.958863e-02 -7.817383e-01 3.030396e-02 6.230469e-01 5.313897e-01
6.132812e-01 -8.648682e-02 7.851562e-01 -6.118478e-01 7.647705e-02 9.956055e-01 4.995728e-02 -2.880209e-02 -7.861328e-01 2.941895e-02 6.171875e-01 5.327746e-01
6.054688e-01 -8.758545e-02 7.910156e-01 -6.188377e-01 7.623291e-02 9.956055e-01 5.191040e-02 -2.766420e-02 -7.924805e-01 2.888489e-02 6.093750e-01 5.326623e-01
5.971680e-01 -8.892822e-02 7.973633e-01 -6.263694e-01 7.598877e-02 9.956055e-01 5.416870e-02 -2.645973e-02 -7.988281e-01 2.824402e-02 6.010742e-01 5.324435e-01
5.893555e-01 -8.966064e-02 8.032227e-01 -6.337939e-01 7.476807e-02 9.956055e-01 5.633545e-02 -2.532964e-02 -8.046875e-01 2.687073e-02 5.932617e-01 5.333852e-01
5.805664e-01 -9.057617e-02 8.090820e-01 -6.404802e-01 7.464600e-02 9.956055e-01 5.789185e-02 -2.425434e-02 -8.110352e-01 2.677917e-02 5.844727e-01 5.362523e-01
5.727539e-01 -9.100342e-02 8.149414e-01 -6.462220e-01 7.305908e-02 9.956055e-01 5.984497e-02 -2.327397e-02 -8.164062e-01 2.523804e-02 5.766602e-01 5.406610e-01
5.639648e-01 -9.204102e-02 8.208008e-01 -6.510112e-01 7.250977e-02 9.956055e-01 6.176758e-02 -2.227745e-02 -8.227539e-01 2.468872e-02 5.683594e-01 5.460566e-01
5.556641e-01 -9.252930e-02 8.261719e-01 -6.551539e-01 7.159424e-02 9.956055e-01 6.335449e-02 -2.127001e-02 -8.286133e-01 2.397156e-02 5.595703e-01 5.517459e-01
5.468750e-01 -9.362793e-02 8.320312e-01 -6.590358e-01 7.128906e-02 9.951172e-01 6.512451e-02 -2.026968e-02 -8.339844e-01 2.369690e-02 5.512695e-01 5.574018e-01
